#Layer_Color=32768
#
#Feature symbol names
#
$0 r3.937

#
#Feature attribute names
#

#
#Layer features
#
A 0.1647638 1.5354331 0.1647638 1.5354331 0.0826772 1.5354331 0 P 0 N
A 0.1647932 3.1101861 0.1647932 3.1101861 0.0827066 3.1101861 0 P 0 N
A 0.2496064 0.1181103 0.2496064 0.1181103 0.1181103 0.1181103 0 P 0 N
A 0.2535728 4.6101862 0.2535728 4.6101862 0.1220767 4.6101862 0 P 0 N
A 0.5466535 4.007874 0.5466535 4.007874 0.4645669 4.007874 0 P 0 N
A 0.8504231 3.6023121 0.8504231 3.6023121 0.5787696 3.6023121 0 P 0 N
A 0.8655512 1.511811 0.8655512 1.511811 0.7834646 1.511811 0 P 0 N
A 0.8655514 1.3188977 0.8655514 1.3188977 0.7834648 1.3188977 0 P 0 N
A 0.8694882 1.7007873 0.8694882 1.7007873 0.7874016 1.7007873 0 P 0 N
A 0.8694883 1.1220473 0.8694883 1.1220473 0.7874017 1.1220473 0 P 0 N
A 1.0899606 3.4015748 1.0899606 3.4015748 1.007874 3.4015748 0 P 0 N
A 1.0978641 2.2440444 1.0978641 2.2440444 1.0157775 2.2440444 0 P 0 N
A 1.2317223 2.543257 1.2317223 2.543257 1.1496357 2.543257 0 P 0 N
A 1.613612 3.7676664 1.613612 3.7676664 1.5315254 3.7676664 0 P 0 N
A 1.6332677 1.8385827 1.6332677 1.8385827 1.5511811 1.8385827 0 P 0 N
A 1.6699113 2.4625484 1.6699113 2.4625484 1.5878247 2.4625484 0 P 0 N
A 2.0269979 3.1062491 2.0269979 3.1062491 1.9449113 3.1062491 0 P 0 N
A 2.3262104 3.7637294 2.3262104 3.7637294 2.2441238 3.7637294 0 P 0 N
A 2.5309349 3.3542806 2.5309349 3.3542806 2.4488483 3.3542806 0 P 0 N
A 3.086053 4.1810522 3.086053 4.1810522 3.0039664 4.1810522 0 P 0 N
A 3.3537695 4.6219971 3.3537695 4.6219971 3.2716829 4.6219971 0 P 0 N
A 3.4206692 0.4566929 3.4206692 0.4566929 3.3385826 0.4566929 0 P 0 N
A 4.2947144 2.8936507 4.2947144 2.8936507 4.2126278 2.8936507 0 P 0 N
A 4.8261811 2.5354331 4.8261811 2.5354331 4.7440945 2.5354331 0 P 0 N
A 4.9385828 0.1181103 4.9385828 0.1181103 4.8070867 0.1181103 0 P 0 N
A 4.938612 4.614123 4.938612 4.614123 4.8071159 4.614123 0 P 0 N
L -0.0235925 3.3306586 -0.0235925 3.7086114 0 P 0
L -0.0235925 3.3306586 0.1890059 3.3306586 0 P 0
L -0.0235925 3.7086114 0.1890059 3.7086114 0 P 0
L 0.0019685 0.5212599 0.0019685 1.3598425 0 P 0
L 0.0019685 0.5212599 0.1476377 0.5212599 0 P 0
L 0.0019685 1.3598425 0.1476377 1.3598425 0 P 0
L 0.0019979 1.6810523 0.0019979 2.7243593 0 P 0
L 0.0019979 1.6810523 0.1476671 1.6810523 0 P 0
L 0.0019979 2.7243593 0.1476671 2.7243593 0 P 0
L 0.003937 3.9488188 0.3031496 3.9488188 0 P 0
L 0.003937 3.9488189 0.003937 4.4055118 0 P 0
L 0.003937 4.4055118 0.3031496 4.4055118 0 P 0
L 0.0551181 0.9405512 0.0944881 0.9405512 0 P 0
L 0.0551475 2.2027058 0.0945175 2.2027058 0 P 0
L 0.0629922 1.5354331 0.1023622 1.5354331 0 P 0
L 0.0630216 3.1101861 0.1023916 3.1101861 0 P 0
L 0.0630216 3.5196349 0.1023916 3.5196349 0 P 0
L 0.0748031 0.9208662 0.0748031 0.9602362 0 P 0
L 0.0748325 2.1830208 0.0748325 2.2223908 0 P 0
L 0.0826772 1.5157481 0.0826772 1.5551181 0 P 0
L 0.0827066 3.0905011 0.0827066 3.1298711 0 P 0
L 0.0827066 3.4999499 0.0827066 3.5393199 0 P 0
L 0.0984252 0.1181102 0.1377952 0.1181102 0 P 0
L 0.1023916 4.6101861 0.1417616 4.6101861 0 P 0
L 0.1181102 0.0984252 0.1181102 0.1377952 0 P 0
L 0.1220766 4.5905011 0.1220766 4.6298711 0 P 0
L 0.1338583 4.2185039 0.1732283 4.2185039 0 P 0
L 0.1476377 0.5212599 0.1476377 1.3598425 0 P 0
L 0.1476671 1.6810523 0.1476671 2.7243593 0 P 0
L 0.1535433 4.1988189 0.1535433 4.2381889 0 P 0
L 0.1811317 3.2401075 0.1811317 3.3739657 0 P 0
L 0.1811317 3.2401075 0.2519979 3.2401075 0 P 0
L 0.1811317 3.3739657 0.2519979 3.3739657 0 P 0
L 0.1890059 3.3306586 0.1890059 3.7086114 0 P 0
L 0.1968799 3.3070364 0.2362499 3.3070364 0 P 0
L 0.2165649 3.2873514 0.2165649 3.3267214 0 P 0
L 0.2421553 2.8109735 0.2421553 3.3464065 0 P 0
L 0.2421553 2.8109735 0.6949113 2.8109735 0 P 0
L 0.2421553 3.3464065 0.6949113 3.3464065 0 P 0
L 0.2519979 3.2401075 0.2519979 3.3739657 0 P 0
L 0.3031496 3.9488189 0.3031496 4.4055118 0 P 0
L 0.3709864 0.0236218 0.3709864 0.4251966 0 P 0
L 0.3709864 0.0236219 1.2213802 0.0236219 0 P 0
L 0.3709864 0.4251967 1.2213802 0.4251967 0 P 0
L 0.4035433 4.1181102 0.4035433 4.2992126 0 P 0
L 0.4035433 4.1181102 0.4940945 4.1181102 0 P 0
L 0.4035433 4.2992126 0.4940945 4.2992126 0 P 0
L 0.4212599 4.3248032 0.4212599 4.4625984 0 P 0
L 0.4212599 4.3248032 0.5708661 4.3248032 0 P 0
L 0.4212599 4.4625984 0.5708661 4.4625984 0 P 0
L 0.4291339 4.2086614 0.4685039 4.2086614 0 P 0
L 0.4448819 4.007874 0.4842519 4.007874 0 P 0
L 0.4488189 4.1889764 0.4488189 4.2283464 0 P 0
L 0.4488483 3.07869 0.4882183 3.07869 0 P 0
L 0.4626278 4.4999499 0.4626278 4.6810523 0 P 0
L 0.4626278 4.4999499 0.553179 4.4999499 0 P 0
L 0.4626278 4.6810523 0.553179 4.6810523 0 P 0
L 0.4645669 3.988189 0.4645669 4.027559 0 P 0
L 0.4685333 3.059005 0.4685333 3.098375 0 P 0
L 0.476378 4.3937008 0.515748 4.3937008 0 P 0
L 0.4882184 4.5905011 0.5275884 4.5905011 0 P 0
L 0.4940945 4.1181102 0.4940945 4.2992126 0 P 0
L 0.496063 4.3740158 0.496063 4.4133858 0 P 0
L 0.5079034 4.5708161 0.5079034 4.6101861 0 P 0
L 0.5413386 4.1240159 0.5413386 4.2618111 0 P 0
L 0.5413386 4.1240159 0.694882 4.1240159 0 P 0
L 0.5413386 4.2618111 0.694882 4.2618111 0 P 0
L 0.553179 4.4999499 0.553179 4.6810523 0 P 0
L 0.5590846 3.6023121 0.5984546 3.6023121 0 P 0
L 0.5708661 4.3248032 0.5708661 4.4625984 0 P 0
L 0.5787696 2.5078239 0.5787696 2.7204223 0 P 0
L 0.5787696 2.5078239 0.9567224 2.5078239 0 P 0
L 0.5787696 2.7204223 0.9567224 2.7204223 0 P 0
L 0.5787696 3.5826271 0.5787696 3.6219971 0 P 0
L 0.5925491 4.4999499 0.5925491 4.6810523 0 P 0
L 0.5925491 4.4999499 0.6831003 4.4999499 0 P 0
L 0.5925491 4.6810523 0.6831003 4.6810523 0 P 0
L 0.5984253 4.1929135 0.6377953 4.1929135 0 P 0
L 0.6161711 3.9251467 0.6161711 4.1062491 0 P 0
L 0.6161711 3.9251467 0.7067223 3.9251467 0 P 0
L 0.6161711 4.1062491 0.7067223 4.1062491 0 P 0
L 0.6181103 4.1732285 0.6181103 4.2125985 0 P 0
L 0.6181397 4.5905011 0.6575097 4.5905011 0 P 0
L 0.627982 1.9442412 0.627982 2.1607766 0 P 0
L 0.627982 1.9442412 0.9232576 1.9442412 0 P 0
L 0.627982 2.1607766 0.9232576 2.1607766 0 P 0
L 0.634872 2.1558795 0.8868406 2.1558795 0 P 0
L 0.634872 2.3291079 0.8868406 2.3291079 0 P 0
L 0.6348721 2.1558795 0.6348721 2.3291079 0 P 0
L 0.6378247 4.5708161 0.6378247 4.6101861 0 P 0
L 0.6417617 4.0156979 0.6811317 4.0156979 0 P 0
L 0.6614174 4.3326772 0.6614174 4.4704724 0 P 0
L 0.6614174 4.3326772 0.8110236 4.3326772 0 P 0
L 0.6614174 4.4704724 0.8110236 4.4704724 0 P 0
L 0.6614467 3.9960129 0.6614467 4.0353829 0 P 0
L 0.6701989 0.5039368 0.6701989 0.8818896 0 P 0
L 0.6701989 0.5039368 0.8827973 0.5039368 0 P 0
L 0.6701989 0.8818896 0.8827973 0.8818896 0 P 0
L 0.6831003 4.4999499 0.6831003 4.6810523 0 P 0
L 0.6890057 2.9349892 0.6890057 3.316879 0 P 0
L 0.6890057 2.9349892 0.9567223 2.9349892 0 P 0
L 0.6890057 3.316879 0.9567223 3.316879 0 P 0
L 0.694882 4.1240159 0.694882 4.2618111 0 P 0
L 0.6949113 2.8109735 0.6949113 3.3464065 0 P 0
L 0.7067223 3.9251467 0.7067223 4.1062491 0 P 0
L 0.7165355 4.4015748 0.7559055 4.4015748 0 P 0
L 0.7185334 4.4960129 0.7185334 4.6771153 0 P 0
L 0.7185334 4.4960129 0.8090846 4.4960129 0 P 0
L 0.7185334 4.6771153 0.8090846 4.6771153 0 P 0
L 0.7362205 4.3818898 0.7362205 4.4212598 0 P 0
L 0.7411713 2.2424937 0.7805413 2.2424937 0 P 0
L 0.744124 4.5865641 0.783494 4.5865641 0 P 0
L 0.7460924 3.9251467 0.7460924 4.1062491 0 P 0
L 0.7460924 3.9251467 0.8366436 3.9251467 0 P 0
L 0.7460924 4.1062491 0.8366436 4.1062491 0 P 0
L 0.7480609 2.6141232 0.7874309 2.6141232 0 P 0
L 0.7559348 2.0525089 0.7953048 2.0525089 0 P 0
L 0.7568132 0.6929133 0.7961832 0.6929133 0 P 0
L 0.757874 4.1220472 0.757874 4.3031496 0 P 0
L 0.757874 4.1220472 0.8484252 4.1220472 0 P 0
L 0.757874 4.3031496 0.8484252 4.3031496 0 P 0
L 0.7608563 2.2228087 0.7608563 2.2621787 0 P 0
L 0.7637796 1.511811 0.8031496 1.511811 0 P 0
L 0.7637798 1.3188977 0.8031498 1.3188977 0 P 0
L 0.763809 4.5668791 0.763809 4.6062491 0 P 0
L 0.7677166 1.7007873 0.8070866 1.7007873 0 P 0
L 0.7677167 1.1220473 0.8070867 1.1220473 0 P 0
L 0.7677459 2.5944382 0.7677459 2.6338082 0 P 0
L 0.771683 4.0156979 0.811053 4.0156979 0 P 0
L 0.7756198 2.0328239 0.7756198 2.0721939 0 P 0
L 0.7764982 0.6732283 0.7764982 0.7125983 0 P 0
L 0.7764983 0.2204722 0.8158683 0.2204722 0 P 0
L 0.7834646 1.492126 0.7834646 1.531496 0 P 0
L 0.7834646 4.2125984 0.8228346 4.2125984 0 P 0
L 0.7834648 1.2992127 0.7834648 1.3385827 0 P 0
L 0.7874016 1.6811023 0.7874016 1.7204723 0 P 0
L 0.7874017 1.1023623 0.7874017 1.1417323 0 P 0
L 0.791368 3.9960129 0.791368 4.0353829 0 P 0
L 0.7961833 0.2007872 0.7961833 0.2401572 0 P 0
L 0.8031496 4.1929134 0.8031496 4.2322834 0 P 0
L 0.803179 3.1259341 0.842549 3.1259341 0 P 0
L 0.8090846 4.4960129 0.8090846 4.6771153 0 P 0
L 0.8110236 4.3326772 0.8110236 4.4704724 0 P 0
L 0.822864 3.1062491 0.822864 3.1456191 0 P 0
L 0.8366436 3.9251467 0.8366436 4.1062491 0 P 0
L 0.8366436 4.4960129 0.8366436 4.6771153 0 P 0
L 0.8366436 4.4960129 0.9271948 4.4960129 0 P 0
L 0.8366436 4.6771153 0.9271948 4.6771153 0 P 0
L 0.8405512 0.7598426 0.8405512 0.940945 0 P 0
L 0.8405512 0.7598426 0.9311024 0.7598426 0 P 0
L 0.8405512 0.940945 0.9311024 0.940945 0 P 0
L 0.8484252 4.1220472 0.8484252 4.3031496 0 P 0
L 0.8622342 4.5865641 0.9016042 4.5865641 0 P 0
L 0.8661417 0.5000002 0.8661417 0.6338584 0 P 0
L 0.8661417 0.5000002 0.9370079 0.5000002 0 P 0
L 0.8661417 0.6338584 0.9370079 0.6338584 0 P 0
L 0.8661418 0.8503938 0.9055118 0.8503938 0 P 0
L 0.8818899 0.5669291 0.9212599 0.5669291 0 P 0
L 0.8819192 4.5668791 0.8819192 4.6062491 0 P 0
L 0.8827973 0.5039368 0.8827973 0.8818896 0 P 0
L 0.8858268 0.8307088 0.8858268 0.8700788 0 P 0
L 0.8868405 2.1558795 0.8868405 2.3291079 0 P 0
L 0.8976378 4.1870078 0.8976378 4.3405512 0 P 0
L 0.8976378 4.1870078 1.03937 4.1870078 0 P 0
L 0.8976378 4.3405512 1.03937 4.3405512 0 P 0
L 0.9015749 0.5472441 0.9015749 0.5866141 0 P 0
L 0.9232576 1.9442412 0.9232576 2.1607766 0 P 0
L 0.9271948 4.4960129 0.9271948 4.6771153 0 P 0
L 0.9311024 0.7598426 0.9311024 0.940945 0 P 0
L 0.9370079 0.5000002 0.9370079 0.6338584 0 P 0
L 0.9488189 4.2637795 0.9881889 4.2637795 0 P 0
L 0.9567223 2.9349892 0.9567223 3.316879 0 P 0
L 0.9567224 2.5078239 0.9567224 2.7204223 0 P 0
L 0.9685039 4.2440945 0.9685039 4.2834645 0 P 0
L 0.988189 3.4015748 1.027559 3.4015748 0 P 0
L 0.9960925 2.2440444 1.0354625 2.2440444 0 P 0
L 1.007874 3.3818898 1.007874 3.4212598 0 P 0
L 1.0157775 2.2243594 1.0157775 2.2637294 0 P 0
L 1.03937 4.1870078 1.03937 4.3405512 0 P 0
L 1.0599627 0.5118108 1.0599627 0.8897636 0 P 0
L 1.0599627 0.5118108 1.2725611 0.5118108 0 P 0
L 1.0599627 0.8897636 1.2725611 0.8897636 0 P 0
L 1.1082969 3.5590051 1.1082969 3.7401075 0 P 0
L 1.1082969 3.5590051 1.1988481 3.5590051 0 P 0
L 1.1082969 3.7401075 1.1988481 3.7401075 0 P 0
L 1.1102363 1.0551181 1.1102363 1.1889763 0 P 0
L 1.1102363 1.0551181 1.1811025 1.0551181 0 P 0
L 1.1102363 1.1889763 1.1811025 1.1889763 0 P 0
L 1.1102363 1.2519685 1.1102363 1.3858267 0 P 0
L 1.1102363 1.2519685 1.1811025 1.2519685 0 P 0
L 1.1102363 1.3858267 1.1811025 1.3858267 0 P 0
L 1.1141733 1.4448818 1.1141733 1.57874 0 P 0
L 1.1141733 1.4448818 1.1850395 1.4448818 0 P 0
L 1.1141733 1.57874 1.1850395 1.57874 0 P 0
L 1.1141733 1.6338581 1.1141733 1.7677163 0 P 0
L 1.1141733 1.6338581 1.1850395 1.6338581 0 P 0
L 1.1141733 1.7677163 1.1850395 1.7677163 0 P 0
L 1.1185139 2.7347925 1.4547734 2.7347925 0 P 0
L 1.1185139 2.9867611 1.4547734 2.9867611 0 P 0
L 1.1185334 2.7347925 1.1185334 2.9867611 0 P 0
L 1.1259843 1.1220474 1.1653543 1.1220474 0 P 0
L 1.1259843 1.3188978 1.1653543 1.3188978 0 P 0
L 1.1299213 1.5118111 1.1692913 1.5118111 0 P 0
L 1.1299213 1.7007874 1.1692913 1.7007874 0 P 0
L 1.1299507 2.543257 1.1693207 2.543257 0 P 0
L 1.1338875 3.6495563 1.1732575 3.6495563 0 P 0
L 1.1456693 1.1023624 1.1456693 1.1417324 0 P 0
L 1.1456693 1.2992128 1.1456693 1.3385828 0 P 0
L 1.146577 0.7007873 1.185947 0.7007873 0 P 0
L 1.1476672 2.1731782 1.1476672 2.4408948 0 P 0
L 1.1476672 2.1731782 1.529557 2.1731782 0 P 0
L 1.1476672 2.4408948 1.529557 2.4408948 0 P 0
L 1.1496063 1.4921261 1.1496063 1.5314961 0 P 0
L 1.1496063 1.6811024 1.1496063 1.7204724 0 P 0
L 1.1496357 2.523572 1.1496357 2.562942 0 P 0
L 1.1535725 3.6298713 1.1535725 3.6692413 0 P 0
L 1.166262 0.6811023 1.166262 0.7204723 0 P 0
L 1.1693207 3.2617609 1.1693207 3.5570365 0 P 0
L 1.1693207 3.2617609 1.3858561 3.2617609 0 P 0
L 1.1693207 3.5570365 1.3858561 3.5570365 0 P 0
L 1.1751969 1.2204724 1.1751969 1.4015748 0 P 0
L 1.1751969 1.2204724 1.2657481 1.2204724 0 P 0
L 1.1751969 1.4015748 1.2657481 1.4015748 0 P 0
L 1.1791338 1.4173228 1.1791338 1.5984252 0 P 0
L 1.1791338 1.4173228 1.269685 1.4173228 0 P 0
L 1.1791338 1.5984252 1.269685 1.5984252 0 P 0
L 1.1791338 1.6181102 1.1791338 1.7992126 0 P 0
L 1.1791338 1.6181102 1.269685 1.6181102 0 P 0
L 1.1791338 1.7992126 1.269685 1.7992126 0 P 0
L 1.1791339 1.0354331 1.1791339 1.2165355 0 P 0
L 1.1791339 1.0354331 1.2696851 1.0354331 0 P 0
L 1.1791339 1.2165355 1.2696851 1.2165355 0 P 0
L 1.1811025 1.0551181 1.1811025 1.1889763 0 P 0
L 1.1811025 1.2519685 1.1811025 1.3858267 0 P 0
L 1.1850395 1.4448818 1.1850395 1.57874 0 P 0
L 1.1850395 1.6338581 1.1850395 1.7677163 0 P 0
L 1.1988481 3.5590051 1.1988481 3.7401075 0 P 0
L 1.2007875 1.3110236 1.2401575 1.3110236 0 P 0
L 1.2047244 1.507874 1.2440944 1.507874 0 P 0
L 1.2047244 1.7086614 1.2440944 1.7086614 0 P 0
L 1.2047245 1.1259843 1.2440945 1.1259843 0 P 0
L 1.2204725 1.2913386 1.2204725 1.3307086 0 P 0
L 1.2213802 0.0236218 1.2213802 0.4251966 0 P 0
L 1.2224703 3.559005 1.2224703 3.7401074 0 P 0
L 1.2224703 3.559005 1.3130215 3.559005 0 P 0
L 1.2224703 3.7401074 1.3130215 3.7401074 0 P 0
L 1.2244094 1.488189 1.2244094 1.527559 0 P 0
L 1.2244094 1.6889764 1.2244094 1.7283464 0 P 0
L 1.2244095 1.1062993 1.2244095 1.1456693 0 P 0
L 1.2260137 2.027509 1.2260137 2.1456192 0 P 0
L 1.2260137 2.027509 1.4512105 2.027509 0 P 0
L 1.2260137 2.1456192 1.4512105 2.1456192 0 P 0
L 1.234252 0.7559056 1.234252 0.937008 0 P 0
L 1.234252 0.7559056 1.3248032 0.7559056 0 P 0
L 1.234252 0.937008 1.3248032 0.937008 0 P 0
L 1.2480609 3.6495562 1.2874309 3.6495562 0 P 0
L 1.2489391 0.0826573 1.2489391 0.4173226 0 P 0
L 1.2489391 0.0826966 1.5009077 0.0826966 0 P 0
L 1.2489391 0.4173423 1.5009077 0.4173423 0 P 0
L 1.2579034 3.4093987 1.2972734 3.4093987 0 P 0
L 1.2598426 0.8464568 1.2992126 0.8464568 0 P 0
L 1.2657481 1.2204724 1.2657481 1.4015748 0 P 0
L 1.2659745 2.8607768 1.3053445 2.8607768 0 P 0
L 1.2677165 0.5118112 1.2677165 0.6456694 0 P 0
L 1.2677165 0.5118112 1.3385827 0.5118112 0 P 0
L 1.2677165 0.6456694 1.3385827 0.6456694 0 P 0
L 1.2677459 3.6298712 1.2677459 3.6692412 0 P 0
L 1.269685 1.4173228 1.269685 1.5984252 0 P 0
L 1.269685 1.6181102 1.269685 1.7992126 0 P 0
L 1.2696851 1.0354331 1.2696851 1.2165355 0 P 0
L 1.2725611 0.5118108 1.2725611 0.8897636 0 P 0
L 1.2775884 3.3897137 1.2775884 3.4290837 0 P 0
L 1.2795276 0.8267718 1.2795276 0.8661418 0 P 0
L 1.2834647 0.5787401 1.3228347 0.5787401 0 P 0
L 1.283494 4.4940444 1.283494 4.6436506 0 P 0
L 1.283494 4.4940444 1.4212892 4.4940444 0 P 0
L 1.283494 4.6436506 1.4212892 4.6436506 0 P 0
L 1.2856595 2.8410918 1.2856595 2.8804618 0 P 0
L 1.291368 4.0216033 1.5905806 4.0216033 0 P 0
L 1.291368 4.0216034 1.291368 4.4782963 0 P 0
L 1.291368 4.4782963 1.5905806 4.4782963 0 P 0
L 1.3031497 0.5590551 1.3031497 0.5984251 0 P 0
L 1.3130215 3.559005 1.3130215 3.7401074 0 P 0
L 1.3189271 2.0865641 1.3582971 2.0865641 0 P 0
L 1.3189271 2.3070365 1.3582971 2.3070365 0 P 0
L 1.3248032 0.7559056 1.3248032 0.937008 0 P 0
L 1.3327066 4.5688475 1.3720766 4.5688475 0 P 0
L 1.3385827 0.5118112 1.3385827 0.6456694 0 P 0
L 1.3386121 2.0668791 1.3386121 2.1062491 0 P 0
L 1.3386121 2.2873515 1.3386121 2.3267215 0 P 0
L 1.3405805 3.5633356 1.3405805 3.744438 0 P 0
L 1.3405805 3.5633356 1.4311317 3.5633356 0 P 0
L 1.3405805 3.744438 1.4311317 3.744438 0 P 0
L 1.3523916 4.5491625 1.3523916 4.5885325 0 P 0
L 1.3552384 0.2480313 1.3946084 0.2480313 0 P 0
L 1.3661711 3.6538868 1.4055411 3.6538868 0 P 0
L 1.3749234 0.2283266 1.3749234 0.2677163 0 P 0
L 1.3858561 3.2617609 1.3858561 3.5570365 0 P 0
L 1.3858561 3.6342018 1.3858561 3.6735718 0 P 0
L 1.4212892 4.4940444 1.4212892 4.6436506 0 P 0
L 1.4212893 4.2912884 1.4606593 4.2912884 0 P 0
L 1.4311317 3.5633356 1.4311317 3.744438 0 P 0
L 1.4409743 4.2716034 1.4409743 4.3109734 0 P 0
L 1.4512105 2.027509 1.4512105 2.1456192 0 P 0
L 1.4547734 2.7347925 1.4547734 2.9867611 0 P 0
L 1.4724704 2.6279026 1.4724704 2.7184538 0 P 0
L 1.4724704 2.6279026 1.6535728 2.6279026 0 P 0
L 1.4724704 2.7184538 1.6535728 2.7184538 0 P 0
L 1.4733486 0.5118108 1.4733486 0.8897636 0 P 0
L 1.4733486 0.5118108 1.685947 0.5118108 0 P 0
L 1.4733486 0.8897636 1.685947 0.8897636 0 P 0
L 1.4803149 0.0826575 1.4803149 0.4173228 0 P 0
L 1.4803149 0.0826968 1.7322835 0.0826968 0 P 0
L 1.4803149 0.4173425 1.7322835 0.4173425 0 P 0
L 1.5009076 0.0826573 1.5009076 0.4173226 0 P 0
L 1.5019979 4.4999499 1.5019979 4.6810523 0 P 0
L 1.5019979 4.4999499 1.5925491 4.4999499 0 P 0
L 1.5019979 4.6810523 1.5925491 4.6810523 0 P 0
L 1.5118404 3.7676664 1.5512104 3.7676664 0 P 0
L 1.5171555 2.7584145 1.5171555 2.9946349 0 P 0
L 1.5171555 2.7584145 1.8321161 2.7584145 0 P 0
L 1.5171555 2.9946349 1.8321161 2.9946349 0 P 0
L 1.5275885 4.5905011 1.5669585 4.5905011 0 P 0
L 1.529557 2.1731782 1.529557 2.4408948 0 P 0
L 1.5314961 1.8385827 1.5708661 1.8385827 0 P 0
L 1.5315254 3.7479814 1.5315254 3.7873514 0 P 0
L 1.5433366 2.6731782 1.5827066 2.6731782 0 P 0
L 1.5472735 4.5708161 1.5472735 4.6101861 0 P 0
L 1.5511811 1.8188977 1.5511811 1.8582677 0 P 0
L 1.5511813 1.2135062 1.5511813 1.591459 0 P 0
L 1.5511813 1.2135062 1.7637797 1.2135062 0 P 0
L 1.5511813 1.591459 1.7637797 1.591459 0 P 0
L 1.5599629 0.7007873 1.5993329 0.7007873 0 P 0
L 1.5630216 2.6534932 1.5630216 2.6928632 0 P 0
L 1.5681397 2.4625484 1.6075097 2.4625484 0 P 0
L 1.5796479 0.6811023 1.5796479 0.7204723 0 P 0
L 1.5866142 0.2480315 1.6259842 0.2480315 0 P 0
L 1.5866435 3.28932 1.5866435 3.3798712 0 P 0
L 1.5866435 3.28932 1.7677459 3.28932 0 P 0
L 1.5866435 3.3798712 1.7677459 3.3798712 0 P 0
L 1.5878247 2.4428634 1.5878247 2.4822334 0 P 0
L 1.5905806 4.0216034 1.5905806 4.4782963 0 P 0
L 1.5925491 4.4999499 1.5925491 4.6810523 0 P 0
L 1.6062992 0.2283268 1.6062992 0.2677165 0 P 0
L 1.6082677 2.0708661 1.6082677 2.2519685 0 P 0
L 1.6082677 2.0708661 1.6988189 2.0708661 0 P 0
L 1.6082677 2.2519685 1.6988189 2.2519685 0 P 0
L 1.6260137 3.3916822 1.6260137 3.6869578 0 P 0
L 1.6260137 3.3916822 1.8425491 3.3916822 0 P 0
L 1.6260137 3.6869578 1.8425491 3.6869578 0 P 0
L 1.6338583 2.1614173 1.6732283 2.1614173 0 P 0
L 1.6377954 1.4024825 1.6771654 1.4024825 0 P 0
L 1.6535433 2.1417323 1.6535433 2.1811023 0 P 0
L 1.6535728 2.6279026 1.6535728 2.7184538 0 P 0
L 1.6549506 2.8765247 1.6943206 2.8765247 0 P 0
L 1.6574804 1.3827975 1.6574804 1.4221675 0 P 0
L 1.6575097 3.3345956 1.6968797 3.3345956 0 P 0
L 1.6633858 0.7322834 1.6633858 0.9133858 0 P 0
L 1.6633858 0.7322834 1.753937 0.7322834 0 P 0
L 1.6633858 0.9133858 1.753937 0.9133858 0 P 0
L 1.6693208 2.6318396 1.6693208 2.7223908 0 P 0
L 1.6693208 2.6318396 1.8504232 2.6318396 0 P 0
L 1.6693208 2.7223908 1.8504232 2.7223908 0 P 0
L 1.6746356 2.8568397 1.6746356 2.8962097 0 P 0
L 1.6771653 0.5078743 1.6771653 0.6417325 0 P 0
L 1.6771653 0.5078743 1.7480315 0.5078743 0 P 0
L 1.6771653 0.6417325 1.7480315 0.6417325 0 P 0
L 1.6771947 3.3149106 1.6771947 3.3542806 0 P 0
L 1.685947 0.5118108 1.685947 0.8897636 0 P 0
L 1.6889764 0.8228346 1.7283464 0.8228346 0 P 0
L 1.6929135 0.5748032 1.7322835 0.5748032 0 P 0
L 1.6929427 2.0727845 1.6929427 2.1633357 0 P 0
L 1.6929427 2.0727845 1.8740451 2.0727845 0 P 0
L 1.6929427 2.1554617 1.6929427 2.2460129 0 P 0
L 1.6929427 2.1554617 1.8740451 2.1554617 0 P 0
L 1.6929427 2.1633357 1.8740451 2.1633357 0 P 0
L 1.6929427 2.2460129 1.8740451 2.2460129 0 P 0
L 1.6988189 2.0708661 1.6988189 2.2519685 0 P 0
L 1.7086614 0.8031496 1.7086614 0.8425196 0 P 0
L 1.7125985 0.5551182 1.7125985 0.5944882 0 P 0
L 1.7145964 3.53932 1.7539664 3.53932 0 P 0
L 1.7148841 0.0829035 1.7148841 0.4175688 0 P 0
L 1.7148841 0.0829428 1.9668527 0.0829428 0 P 0
L 1.7148841 0.4175885 1.9668527 0.4175885 0 P 0
L 1.7322834 0.0826575 1.7322834 0.4173228 0 P 0
L 1.7342814 3.519635 1.7342814 3.559005 0 P 0
L 1.740187 2.6771152 1.779557 2.6771152 0 P 0
L 1.7480315 0.5078743 1.7480315 0.6417325 0 P 0
L 1.7539367 1.3051181 1.7539367 1.4862205 0 P 0
L 1.7539367 1.3051181 1.8444879 1.3051181 0 P 0
L 1.7539367 1.4862205 1.8444879 1.4862205 0 P 0
L 1.753937 0.7322834 1.753937 0.9133858 0 P 0
L 1.759872 2.6574302 1.759872 2.6968002 0 P 0
L 1.7637797 1.2135062 1.7637797 1.591459 0 P 0
L 1.7638089 2.1180601 1.8031789 2.1180601 0 P 0
L 1.7638089 2.2007373 1.8031789 2.2007373 0 P 0
L 1.7677459 3.28932 1.7677459 3.3798712 0 P 0
L 1.7795273 1.3956693 1.8188973 1.3956693 0 P 0
L 1.7834939 2.0983751 1.7834939 2.1377451 0 P 0
L 1.7834939 2.1810523 1.7834939 2.2204223 0 P 0
L 1.7952756 0.6122047 1.7952756 0.7027559 0 P 0
L 1.7952756 0.6122047 1.976378 0.6122047 0 P 0
L 1.7952756 0.7027559 1.976378 0.7027559 0 P 0
L 1.7992123 1.3759843 1.7992123 1.4153543 0 P 0
L 1.8051472 1.6810522 1.8051472 1.8621546 0 P 0
L 1.8051472 1.6810522 1.8956984 1.6810522 0 P 0
L 1.8051472 1.8621546 1.8956984 1.8621546 0 P 0
L 1.8169292 0.4153542 1.8169292 0.5688976 0 P 0
L 1.8169292 0.4153542 1.9547244 0.4153542 0 P 0
L 1.8169292 0.5688976 1.9547244 0.5688976 0 P 0
L 1.8169292 0.7539371 1.8169292 0.8917323 0 P 0
L 1.8169292 0.7539371 1.9704726 0.7539371 0 P 0
L 1.8169292 0.8917323 1.9704726 0.8917323 0 P 0
L 1.8211834 0.2482775 1.8605534 0.2482775 0 P 0
L 1.8307378 1.7716034 1.8701078 1.7716034 0 P 0
L 1.8321161 2.7584145 1.8321161 2.9946349 0 P 0
L 1.8408684 0.2285728 1.8408684 0.2679625 0 P 0
L 1.8409549 2.7505403 1.8409549 3.0025089 0 P 0
L 1.8409549 2.7505403 2.1772144 2.7505403 0 P 0
L 1.8409549 3.0025089 2.1772144 3.0025089 0 P 0
L 1.8425491 3.3916822 1.8425491 3.6869578 0 P 0
L 1.8444879 1.3051181 1.8444879 1.4862205 0 P 0
L 1.8504228 1.7519184 1.8504228 1.7912884 0 P 0
L 1.8504231 3.4015247 1.8504231 3.6928633 0 P 0
L 1.8504231 3.4015247 2.1260137 3.4015247 0 P 0
L 1.8504231 3.6928633 2.1260137 3.6928633 0 P 0
L 1.8504232 2.6318396 1.8504232 2.7223908 0 P 0
L 1.8523916 2.0924696 1.8523916 2.2302648 0 P 0
L 1.8523916 2.0924696 2.005935 2.0924696 0 P 0
L 1.8523916 2.2302648 2.005935 2.2302648 0 P 0
L 1.8661418 0.4921259 1.9055118 0.4921259 0 P 0
L 1.8661418 0.6574803 1.9055118 0.6574803 0 P 0
L 1.8740159 0.8228347 1.9133859 0.8228347 0 P 0
L 1.8740451 2.0727845 1.8740451 2.1633357 0 P 0
L 1.8740451 2.1554617 1.8740451 2.2460129 0 P 0
L 1.8858268 0.4724409 1.8858268 0.5118109 0 P 0
L 1.8858268 0.6377953 1.8858268 0.6771653 0 P 0
L 1.8937009 0.8031497 1.8937009 0.8425197 0 P 0
L 1.8956984 1.6810522 1.8956984 1.8621546 0 P 0
L 1.9094783 2.1613672 1.9488483 2.1613672 0 P 0
L 1.9232575 1.6810522 1.9232575 1.8621546 0 P 0
L 1.9232575 1.6810522 2.0138087 1.6810522 0 P 0
L 1.9232575 1.8621546 2.0138087 1.8621546 0 P 0
L 1.9252263 3.1062491 1.9645963 3.1062491 0 P 0
L 1.9291633 2.1416822 1.9291633 2.1810522 0 P 0
L 1.9449113 3.0865641 1.9449113 3.1259341 0 P 0
L 1.9488481 1.7716034 1.9882181 1.7716034 0 P 0
L 1.9547244 0.4153542 1.9547244 0.5688976 0 P 0
L 1.9566929 0.1948819 1.9566929 0.2854331 0 P 0
L 1.9566929 0.1948819 2.1377953 0.1948819 0 P 0
L 1.9566929 0.2854331 2.1377953 0.2854331 0 P 0
L 1.9668526 0.0829035 1.9668526 0.4175688 0 P 0
L 1.9685331 1.7519184 1.9685331 1.7912884 0 P 0
L 1.9685334 3.547194 2.0079034 3.547194 0 P 0
L 1.9704726 0.7539371 1.9704726 0.8917323 0 P 0
L 1.976378 0.6122047 1.976378 0.7027559 0 P 0
L 1.976378 1.0925198 1.976378 1.183071 0 P 0
L 1.976378 1.0925198 2.1574804 1.0925198 0 P 0
L 1.976378 1.183071 2.1574804 1.183071 0 P 0
L 1.9842813 3.6692412 1.9842813 3.7479814 0 P 0
L 1.9842813 3.6692412 2.1417617 3.6692412 0 P 0
L 1.9842813 3.7479814 2.1417617 3.7479814 0 P 0
L 1.9882184 3.527509 1.9882184 3.566879 0 P 0
L 1.9903838 2.8765246 2.0297538 2.8765246 0 P 0
L 1.992126 0.6082677 1.992126 0.6988189 0 P 0
L 1.992126 0.6082677 2.1732284 0.6082677 0 P 0
L 1.992126 0.6988189 2.1732284 0.6988189 0 P 0
L 2.0059056 0.4074802 2.0059056 0.5610236 0 P 0
L 2.0059056 0.4074802 2.1437008 0.4074802 0 P 0
L 2.0059056 0.5610236 2.1437008 0.5610236 0 P 0
L 2.005935 2.0924696 2.005935 2.2302648 0 P 0
L 2.0100688 2.8568396 2.0100688 2.8962096 0 P 0
L 2.0138087 1.6810522 2.0138087 1.8621546 0 P 0
L 2.0255905 0.7401574 2.0255905 0.9212598 0 P 0
L 2.0255905 0.7401574 2.1161417 0.7401574 0 P 0
L 2.0255905 0.9212598 2.1161417 0.9212598 0 P 0
L 2.0275591 0.2401575 2.0669291 0.2401575 0 P 0
L 2.0327066 2.3838082 2.0327066 2.5412886 0 P 0
L 2.0327066 2.3838082 2.2925492 2.3838082 0 P 0
L 2.0327066 2.5412886 2.2925492 2.5412886 0 P 0
L 2.0413386 0.1102362 2.0413386 0.3818898 0 P 0
L 2.0413386 0.1102362 2.5570866 0.1102362 0 P 0
L 2.0413386 0.3818898 2.5570866 0.3818898 0 P 0
L 2.0413677 1.6810522 2.0413677 1.8621546 0 P 0
L 2.0413677 1.6810522 2.1319189 1.6810522 0 P 0
L 2.0413677 1.8621546 2.1319189 1.8621546 0 P 0
L 2.0433365 3.7086113 2.0827065 3.7086113 0 P 0
L 2.0472441 0.2204725 2.0472441 0.2598425 0 P 0
L 2.0472442 1.1377954 2.0866142 1.1377954 0 P 0
L 2.0511811 0.8307086 2.0905511 0.8307086 0 P 0
L 2.0551182 0.4842519 2.0944882 0.4842519 0 P 0
L 2.0629921 4.1732283 2.0629921 4.4330709 0 P 0
L 2.0629921 4.1732283 2.2204725 4.1732283 0 P 0
L 2.0629921 4.4330709 2.2204725 4.4330709 0 P 0
L 2.0629922 0.6535433 2.1023622 0.6535433 0 P 0
L 2.0630215 3.6889263 2.0630215 3.7282963 0 P 0
L 2.0669292 1.1181104 2.0669292 1.1574804 0 P 0
L 2.0669583 1.7716034 2.1063283 1.7716034 0 P 0
L 2.0708661 0.8110236 2.0708661 0.8503936 0 P 0
L 2.0708661 2.3169291 2.0708661 2.4074803 0 P 0
L 2.0708661 2.3169291 2.2519685 2.3169291 0 P 0
L 2.0708661 2.4074803 2.2519685 2.4074803 0 P 0
L 2.0748032 0.4645669 2.0748032 0.5039369 0 P 0
L 2.0826772 0.6338583 2.0826772 0.6732283 0 P 0
L 2.0866433 1.7519184 2.0866433 1.7912884 0 P 0
L 2.1161417 0.7401574 2.1161417 0.9212598 0 P 0
L 2.1220473 4.3031496 2.1614173 4.3031496 0 P 0
L 2.1260137 3.4015247 2.1260137 3.6928633 0 P 0
L 2.1319189 1.6810522 2.1319189 1.8621546 0 P 0
L 2.1377953 0.1948819 2.1377953 0.2854331 0 P 0
L 2.1417323 2.3622047 2.1811023 2.3622047 0 P 0
L 2.1417323 4.2834646 2.1417323 4.3228346 0 P 0
L 2.1417617 3.6692412 2.1417617 3.7479814 0 P 0
L 2.1429429 2.4625484 2.1823129 2.4625484 0 P 0
L 2.1437008 0.4074802 2.1437008 0.5610236 0 P 0
L 2.1574804 1.0925198 2.1574804 1.183071 0 P 0
L 2.1581496 1.0748032 2.1581496 1.1938583 0 P 0
L 2.1581496 1.0748032 2.2920078 1.0748032 0 P 0
L 2.1581496 1.1938583 2.2920078 1.1938583 0 P 0
L 2.1614173 2.3425197 2.1614173 2.3818897 0 P 0
L 2.1626279 2.4428634 2.1626279 2.4822334 0 P 0
L 2.1732283 0.4114173 2.1732283 0.5019685 0 P 0
L 2.1732283 0.4114173 2.3543307 0.4114173 0 P 0
L 2.1732283 0.5019685 2.3543307 0.5019685 0 P 0
L 2.1732284 0.6082677 2.1732284 0.6988189 0 P 0
L 2.1771949 2.7505403 2.1771949 3.0025089 0 P 0
L 2.2053937 1.1338583 2.2447637 1.1338583 0 P 0
L 2.2106299 1.5433071 2.2106299 1.7244095 0 P 0
L 2.2106299 1.5433071 2.3011811 1.5433071 0 P 0
L 2.2106299 1.7244095 2.3011811 1.7244095 0 P 0
L 2.2204725 4.1732283 2.2204725 4.4330709 0 P 0
L 2.2244388 3.7637294 2.2638088 3.7637294 0 P 0
L 2.2250787 1.1141733 2.2250787 1.1535433 0 P 0
L 2.2362205 1.6338583 2.2755905 1.6338583 0 P 0
L 2.2440945 0.4566929 2.2834645 0.4566929 0 P 0
L 2.2441238 3.7440444 2.2441238 3.7834144 0 P 0
L 2.2519685 2.3169291 2.2519685 2.4074803 0 P 0
L 2.2559055 1.6141733 2.2559055 1.6535433 0 P 0
L 2.2637795 0.4370079 2.2637795 0.4763779 0 P 0
L 2.2775884 2.6023121 2.2775884 3.1141231 0 P 0
L 2.2775884 2.6023121 2.8327066 2.6023121 0 P 0
L 2.2775884 3.1141231 2.8327066 3.1141231 0 P 0
L 2.2795276 0.246063 2.3188976 0.246063 0 P 0
L 2.2920078 1.0748032 2.2920078 1.1938583 0 P 0
L 2.2925492 2.3838082 2.2925492 2.5412886 0 P 0
L 2.2992126 0.226378 2.2992126 0.265748 0 P 0
L 2.3011811 1.5433071 2.3011811 1.7244095 0 P 0
L 2.3208953 3.5314459 2.3208953 3.6889263 0 P 0
L 2.3208953 3.5314459 2.4744387 3.5314459 0 P 0
L 2.3208953 3.6889263 2.4744387 3.6889263 0 P 0
L 2.3543307 0.4114173 2.3543307 0.5019685 0 P 0
L 2.3700787 4.1692913 2.3700787 4.4291339 0 P 0
L 2.3700787 4.1692913 2.5275591 4.1692913 0 P 0
L 2.3700787 4.4291339 2.5275591 4.4291339 0 P 0
L 2.3701082 2.4113672 2.3701082 2.5019184 0 P 0
L 2.3701082 2.4113672 2.5512106 2.4113672 0 P 0
L 2.3701082 2.5019184 2.5512106 2.5019184 0 P 0
L 2.3779821 3.6101861 2.4173522 3.6101861 0 P 0
L 2.3976671 3.5905011 2.3976671 3.6298712 0 P 0
L 2.4291339 4.2992126 2.4685039 4.2992126 0 P 0
L 2.4291633 3.3542806 2.4685333 3.3542806 0 P 0
L 2.4409744 2.4566428 2.4803444 2.4566428 0 P 0
L 2.4488189 4.2795276 2.4488189 4.3188976 0 P 0
L 2.4488483 3.3345956 2.4488483 3.3739656 0 P 0
L 2.4606594 2.4369578 2.4606594 2.4763278 0 P 0
L 2.4744387 3.5314459 2.4744387 3.6889263 0 P 0
L 2.5275591 4.1692913 2.5275591 4.4291339 0 P 0
L 2.5354625 2.8582176 2.5748325 2.8582176 0 P 0
L 2.5512106 2.4113672 2.5512106 2.5019184 0 P 0
L 2.5551181 2.4114173 2.5551181 2.5019685 0 P 0
L 2.5551181 2.4114173 2.7362205 2.4114173 0 P 0
L 2.5551181 2.5019685 2.7362205 2.5019685 0 P 0
L 2.5551475 2.8385326 2.5551475 2.8779026 0 P 0
L 2.5570866 0.1102362 2.5570866 0.3818898 0 P 0
L 2.6181102 0.2041792 2.6181102 0.2947304 0 P 0
L 2.6181102 0.2041792 2.7992126 0.2041792 0 P 0
L 2.6181102 0.2947304 2.7992126 0.2947304 0 P 0
L 2.621063 4.1417323 2.8730316 4.1417323 0 P 0
L 2.621063 4.3149607 2.8730316 4.3149607 0 P 0
L 2.6210631 4.1417323 2.6210631 4.3149607 0 P 0
L 2.6259843 2.4566929 2.6653543 2.4566929 0 P 0
L 2.6456693 2.4370079 2.6456693 2.4763779 0 P 0
L 2.6889764 0.2494548 2.7283464 0.2494548 0 P 0
L 2.7086614 0.2297698 2.7086614 0.2691398 0 P 0
L 2.7125984 4.4507874 2.7125984 4.5413386 0 P 0
L 2.7125984 4.4507874 2.8937008 4.4507874 0 P 0
L 2.7125984 4.5413386 2.8937008 4.5413386 0 P 0
L 2.7185039 0.1200787 2.7185039 0.3917323 0 P 0
L 2.7185039 0.1200787 3.2342519 0.1200787 0 P 0
L 2.7185039 0.3917323 3.2342519 0.3917323 0 P 0
L 2.7228632 4.3720473 2.7228632 4.4625985 0 P 0
L 2.7228632 4.3720473 2.9039656 4.3720473 0 P 0
L 2.7228632 4.4625985 2.9039656 4.4625985 0 P 0
L 2.7273623 4.2283465 2.7667323 4.2283465 0 P 0
L 2.7362205 2.4114173 2.7362205 2.5019685 0 P 0
L 2.7470473 4.2086615 2.7470473 4.2480315 0 P 0
L 2.77562 3.1751467 2.77562 3.2656979 0 P 0
L 2.77562 3.1751467 2.9567224 3.1751467 0 P 0
L 2.77562 3.2656979 2.9567224 3.2656979 0 P 0
L 2.7834646 4.496063 2.8228346 4.496063 0 P 0
L 2.7874014 3.3476379 2.7874014 3.6074805 0 P 0
L 2.7874014 3.3476379 2.9448818 3.3476379 0 P 0
L 2.7874014 3.6074805 2.9448818 3.6074805 0 P 0
L 2.7937294 4.4173229 2.8330994 4.4173229 0 P 0
L 2.7992126 0.2041792 2.7992126 0.2947304 0 P 0
L 2.8031496 4.476378 2.8031496 4.515748 0 P 0
L 2.8134144 4.3976379 2.8134144 4.4370079 0 P 0
L 2.8327066 2.6023121 2.8327066 3.1141231 0 P 0
L 2.8464566 3.4775592 2.8858266 3.4775592 0 P 0
L 2.8464862 3.2204223 2.8858562 3.2204223 0 P 0
L 2.8661416 3.4578742 2.8661416 3.4972442 0 P 0
L 2.8661712 3.2007373 2.8661712 3.2401073 0 P 0
L 2.8700787 2.6889764 2.8700787 2.988189 0 P 0
L 2.8700787 2.6889764 3.1692913 2.6889764 0 P 0
L 2.8700787 2.988189 3.1692913 2.988189 0 P 0
L 2.8730315 4.1417323 2.8730315 4.3149607 0 P 0
L 2.8937008 4.4507874 2.8937008 4.5413386 0 P 0
L 2.8937008 4.4547244 2.8937008 4.5452756 0 P 0
L 2.8937008 4.4547244 3.0748032 4.4547244 0 P 0
L 2.8937008 4.5452756 3.0748032 4.5452756 0 P 0
L 2.8976378 2.492126 2.8976378 2.6338582 0 P 0
L 2.8976378 2.492126 3.1574804 2.492126 0 P 0
L 2.8976378 2.6338582 3.1574804 2.6338582 0 P 0
L 2.8976378 4.3799213 2.8976378 4.4704725 0 P 0
L 2.8976378 4.3799213 3.0787402 4.3799213 0 P 0
L 2.8976378 4.4704725 3.0787402 4.4704725 0 P 0
L 2.9039656 4.3720473 2.9039656 4.4625985 0 P 0
L 2.9134152 3.738139 2.9134152 3.9231784 0 P 0
L 2.9134152 3.738139 3.0079034 3.738139 0 P 0
L 2.9134152 3.9231784 3.0079034 3.9231784 0 P 0
L 2.9409743 3.8306587 2.9803443 3.8306587 0 P 0
L 2.9448818 3.3476379 2.9448818 3.6074805 0 P 0
L 2.9488483 3.1751467 2.9488483 3.2656979 0 P 0
L 2.9488483 3.1751467 3.1299507 3.1751467 0 P 0
L 2.9488483 3.2656979 3.1299507 3.2656979 0 P 0
L 2.9527559 0.4862205 2.9527559 0.5767717 0 P 0
L 2.9527559 0.4862205 3.1338583 0.4862205 0 P 0
L 2.9527559 0.5767717 3.1338583 0.5767717 0 P 0
L 2.9566929 0.2559055 2.9960629 0.2559055 0 P 0
L 2.9567224 3.1751467 2.9567224 3.2656979 0 P 0
L 2.9606593 3.8109737 2.9606593 3.8503437 0 P 0
L 2.964567 4.5 3.003937 4.5 0 P 0
L 2.968504 4.4251969 3.007874 4.4251969 0 P 0
L 2.9763779 0.2362205 2.9763779 0.2755905 0 P 0
L 2.984252 4.480315 2.984252 4.519685 0 P 0
L 2.9842814 4.1810522 3.0236514 4.1810522 0 P 0
L 2.988189 4.4055119 2.988189 4.4448819 0 P 0
L 3 2.8385828 3.03937 2.8385828 0 P 0
L 3.0000295 3.740108 3.0000295 3.9251474 0 P 0
L 3.0000295 3.740108 3.0945177 3.740108 0 P 0
L 3.0000295 3.9251474 3.0945177 3.9251474 0 P 0
L 3.003937 3.3503937 3.003937 3.6102363 0 P 0
L 3.003937 3.3503937 3.1614174 3.3503937 0 P 0
L 3.003937 3.6102363 3.1614174 3.6102363 0 P 0
L 3.0039664 4.1613672 3.0039664 4.2007372 0 P 0
L 3.0078742 2.562992 3.0472442 2.562992 0 P 0
L 3.0079034 3.738139 3.0079034 3.9231784 0 P 0
L 3.019685 2.8188978 3.019685 2.8582678 0 P 0
L 3.0197145 3.2204223 3.0590845 3.2204223 0 P 0
L 3.0236221 0.5314961 3.0629921 0.5314961 0 P 0
L 3.0275592 2.543307 3.0275592 2.582677 0 P 0
L 3.0275886 3.8326277 3.0669586 3.8326277 0 P 0
L 3.0393995 3.2007373 3.0393995 3.2401073 0 P 0
L 3.0433071 0.5118111 3.0433071 0.5511811 0 P 0
L 3.0472736 3.8129427 3.0472736 3.8523127 0 P 0
L 3.0629922 3.480315 3.1023622 3.480315 0 P 0
L 3.0748032 4.4547244 3.0748032 4.5452756 0 P 0
L 3.0787402 4.3799213 3.0787402 4.4704725 0 P 0
L 3.0826772 3.46063 3.0826772 3.5 0 P 0
L 3.0866436 3.742076 3.0866436 3.9271154 0 P 0
L 3.0866436 3.742076 3.1811318 3.742076 0 P 0
L 3.0866436 3.9271154 3.1811318 3.9271154 0 P 0
L 3.0945177 3.740108 3.0945177 3.9251474 0 P 0
L 3.1142027 3.8345957 3.1535727 3.8345957 0 P 0
L 3.1299507 3.1712097 3.1299507 3.2617609 0 P 0
L 3.1299507 3.1712097 3.3110531 3.1712097 0 P 0
L 3.1299507 3.1751467 3.1299507 3.2656979 0 P 0
L 3.1299507 3.2617609 3.3110531 3.2617609 0 P 0
L 3.1338583 0.4862205 3.1338583 0.5767717 0 P 0
L 3.1338877 3.8149107 3.1338877 3.8542807 0 P 0
L 3.1574804 2.492126 3.1574804 2.6338582 0 P 0
L 3.1614174 3.3503937 3.1614174 3.6102363 0 P 0
L 3.1692913 2.6889764 3.1692913 2.988189 0 P 0
L 3.1811318 3.742076 3.1811318 3.9271154 0 P 0
L 3.2008169 3.2164853 3.2401869 3.2164853 0 P 0
L 3.2145963 3.8857766 3.2145963 4.1574302 0 P 0
L 3.2145963 3.8857766 3.7303443 3.8857766 0 P 0
L 3.2145963 4.1574302 3.7303443 4.1574302 0 P 0
L 3.2205019 3.1968003 3.2205019 3.2361703 0 P 0
L 3.2342519 0.1200787 3.2342519 0.3917323 0 P 0
L 3.2519979 4.6219971 3.2913679 4.6219971 0 P 0
L 3.2716829 4.6023121 3.2716829 4.6416821 0 P 0
L 3.2775885 4.3523121 3.2775885 4.5688475 0 P 0
L 3.2775885 4.3523121 3.5649901 4.3523121 0 P 0
L 3.2775885 4.5688475 3.5649901 4.5688475 0 P 0
L 3.3110237 2.6523621 3.3110237 2.9122047 0 P 0
L 3.3110237 2.6523621 3.4685041 2.6523621 0 P 0
L 3.3110237 2.9122047 3.4685041 2.9122047 0 P 0
L 3.3110531 3.1712097 3.3110531 3.2617609 0 P 0
L 3.3188976 0.4566929 3.3582676 0.4566929 0 P 0
L 3.3228348 3.1240158 3.3228348 3.183071 0 P 0
L 3.3228348 3.1240158 3.440945 3.1240158 0 P 0
L 3.3228348 3.183071 3.440945 3.183071 0 P 0
L 3.3385826 0.4370079 3.3385826 0.4763779 0 P 0
L 3.3622049 3.1535434 3.4015749 3.1535434 0 P 0
L 3.3700789 2.7822834 3.4094489 2.7822834 0 P 0
L 3.3791339 0.0685039 3.3791339 0.3677165 0 P 0
L 3.3791339 0.0685039 3.6980315 0.0685039 0 P 0
L 3.3791339 0.3677165 3.6980315 0.3677165 0 P 0
L 3.3818899 3.1338584 3.3818899 3.1732284 0 P 0
L 3.3897639 2.7625984 3.3897639 2.8019684 0 P 0
L 3.4016043 4.4605798 3.4409743 4.4605798 0 P 0
L 3.4075097 3.2361704 3.4075097 3.7716034 0 P 0
L 3.4075097 3.2361704 3.8602657 3.2361704 0 P 0
L 3.4075097 3.7716034 3.8602657 3.7716034 0 P 0
L 3.4212893 4.4408948 3.4212893 4.4802648 0 P 0
L 3.440945 3.1240158 3.440945 3.183071 0 P 0
L 3.4527853 4.0216034 3.4921553 4.0216034 0 P 0
L 3.4685041 2.6523621 3.4685041 2.9122047 0 P 0
L 3.4696851 0.2181102 3.5090551 0.2181102 0 P 0
L 3.4724703 4.0019184 3.4724703 4.0412884 0 P 0
L 3.4893701 0.1984252 3.4893701 0.2377952 0 P 0
L 3.5649901 4.3523121 3.5649901 4.5688475 0 P 0
L 3.6142027 3.5038869 3.6535727 3.5038869 0 P 0
L 3.6279527 2.5570866 3.6279527 3.0925196 0 P 0
L 3.6279527 2.5570866 4.0807087 2.5570866 0 P 0
L 3.6279527 3.0925196 4.0807087 3.0925196 0 P 0
L 3.6338877 3.4842019 3.6338877 3.5235719 0 P 0
L 3.6980315 0.0685039 3.6980315 0.3677165 0 P 0
L 3.7086907 4.0649105 3.7086907 4.1554617 0 P 0
L 3.7086907 4.0649105 3.8897931 4.0649105 0 P 0
L 3.7086907 4.1554617 3.8897931 4.1554617 0 P 0
L 3.7086908 3.8916822 3.7086908 3.9822334 0 P 0
L 3.7086908 3.8916822 3.8897932 3.8916822 0 P 0
L 3.7086908 3.9822334 3.8897932 3.9822334 0 P 0
L 3.7303443 3.8857766 3.7303443 4.1574302 0 P 0
L 3.7795569 4.1101861 3.8189269 4.1101861 0 P 0
L 3.779557 3.9369578 3.818927 3.9369578 0 P 0
L 3.7992419 4.0905011 3.7992419 4.1298711 0 P 0
L 3.799242 3.9172728 3.799242 3.9566428 0 P 0
L 3.8346457 2.8248031 3.8740157 2.8248031 0 P 0
L 3.8425491 4.3286899 3.8425491 4.7499497 0 P 0
L 3.8425491 4.3286899 4.1496357 4.3286899 0 P 0
L 3.8425491 4.7499497 4.1496357 4.7499497 0 P 0
L 3.8543307 2.8051181 3.8543307 2.8444881 0 P 0
L 3.8602657 3.2361704 3.8602657 3.7716034 0 P 0
L 3.8897931 4.0649105 3.8897931 4.1554617 0 P 0
L 3.8897932 3.8916822 3.8897932 3.9822334 0 P 0
L 3.9409743 3.1987688 3.9409743 3.28932 0 P 0
L 3.9409743 3.1987688 4.1220767 3.1987688 0 P 0
L 3.9409743 3.28932 4.1220767 3.28932 0 P 0
L 3.9449113 3.316879 3.9449113 3.4074302 0 P 0
L 3.9449113 3.316879 4.1260137 3.316879 0 P 0
L 3.9449113 3.4074302 4.1260137 3.4074302 0 P 0
L 3.9449113 3.4349892 3.9449113 3.5255404 0 P 0
L 3.9449113 3.4349892 4.1260137 3.4349892 0 P 0
L 3.9449113 3.5255404 4.1260137 3.5255404 0 P 0
L 3.9527853 3.5491625 3.9527853 3.6397137 0 P 0
L 3.9527853 3.5491625 4.1338877 3.5491625 0 P 0
L 3.9527853 3.6397137 4.1338877 3.6397137 0 P 0
L 3.9527853 3.6712098 3.9527853 3.761761 0 P 0
L 3.9527853 3.6712098 4.1338877 3.6712098 0 P 0
L 3.9527853 3.761761 4.1338877 3.761761 0 P 0
L 3.9527853 3.78932 3.9527853 3.8798712 0 P 0
L 3.9527853 3.78932 4.1338877 3.78932 0 P 0
L 3.9527853 3.8798712 4.1338877 3.8798712 0 P 0
L 3.9567223 3.9113672 3.9567223 4.0019184 0 P 0
L 3.9567223 3.9113672 4.1378247 3.9113672 0 P 0
L 3.9567223 4.0019184 4.1378247 4.0019184 0 P 0
L 3.9764075 4.5393199 4.0157775 4.5393199 0 P 0
L 3.9960925 4.5196349 3.9960925 4.5590049 0 P 0
L 4.0118405 3.2440444 4.0512105 3.2440444 0 P 0
L 4.0157775 3.3621546 4.0551475 3.3621546 0 P 0
L 4.0157775 3.4802648 4.0551475 3.4802648 0 P 0
L 4.0236515 3.5944381 4.0630215 3.5944381 0 P 0
L 4.0236515 3.7164854 4.0630215 3.7164854 0 P 0
L 4.0236515 3.8345956 4.0630215 3.8345956 0 P 0
L 4.0275885 3.9566428 4.0669585 3.9566428 0 P 0
L 4.0315255 3.2243594 4.0315255 3.2637294 0 P 0
L 4.0354625 3.3424696 4.0354625 3.3818396 0 P 0
L 4.0354625 3.4605798 4.0354625 3.4999498 0 P 0
L 4.0433365 3.5747531 4.0433365 3.6141231 0 P 0
L 4.0433365 3.6968004 4.0433365 3.7361704 0 P 0
L 4.0433365 3.8149106 4.0433365 3.8542806 0 P 0
L 4.0472735 3.9369578 4.0472735 3.9763278 0 P 0
L 4.0807087 2.5570866 4.0807087 3.0925196 0 P 0
L 4.1220767 3.1987688 4.1220767 3.28932 0 P 0
L 4.1260137 3.316879 4.1260137 3.4074302 0 P 0
L 4.1260137 3.4349892 4.1260137 3.5255404 0 P 0
L 4.1338877 3.5491625 4.1338877 3.6397137 0 P 0
L 4.1338877 3.6712098 4.1338877 3.761761 0 P 0
L 4.1338877 3.78932 4.1338877 3.8798712 0 P 0
L 4.1378247 3.9113672 4.1378247 4.0019184 0 P 0
L 4.1496357 4.3286899 4.1496357 4.7499497 0 P 0
L 4.1732578 4.2027058 4.1732578 4.293257 0 P 0
L 4.1732578 4.2027058 4.3543602 4.2027058 0 P 0
L 4.1732578 4.293257 4.3543602 4.293257 0 P 0
L 4.1771947 3.3719971 4.1771947 3.4625483 0 P 0
L 4.1771947 3.3719971 4.3582971 3.3719971 0 P 0
L 4.1771947 3.4625483 4.3582971 3.4625483 0 P 0
L 4.1811317 3.1279026 4.1811317 3.2184538 0 P 0
L 4.1811317 3.1279026 4.3622341 3.1279026 0 P 0
L 4.1811317 3.2184538 4.3622341 3.2184538 0 P 0
L 4.1811318 3.6121547 4.1811318 3.7027059 0 P 0
L 4.1811318 3.6121547 4.3622342 3.6121547 0 P 0
L 4.1811318 3.7027059 4.3622342 3.7027059 0 P 0
L 4.1811319 3.7302648 4.1811319 3.820816 0 P 0
L 4.1811319 3.7302648 4.3622343 3.7302648 0 P 0
L 4.1811319 3.820816 4.3622343 3.820816 0 P 0
L 4.1811319 3.8483751 4.1811319 3.9389263 0 P 0
L 4.1811319 3.8483751 4.3622343 3.8483751 0 P 0
L 4.1811319 3.9389263 4.3622343 3.9389263 0 P 0
L 4.1811319 3.9625483 4.1811319 4.0530995 0 P 0
L 4.1811319 3.9625483 4.3622343 3.9625483 0 P 0
L 4.1811319 4.0530995 4.3622343 4.0530995 0 P 0
L 4.1811319 4.0806585 4.1811319 4.1712097 0 P 0
L 4.1811319 4.0806585 4.3622343 4.0806585 0 P 0
L 4.1811319 4.1712097 4.3622343 4.1712097 0 P 0
L 4.1929428 2.8936507 4.2323128 2.8936507 0 P 0
L 4.2126278 2.8739657 4.2126278 2.9133357 0 P 0
L 4.244124 4.2479814 4.283494 4.2479814 0 P 0
L 4.2480609 3.4172727 4.2874309 3.4172727 0 P 0
L 4.2519979 3.1731782 4.2913679 3.1731782 0 P 0
L 4.251998 3.6574303 4.291368 3.6574303 0 P 0
L 4.2519981 3.7755404 4.2913681 3.7755404 0 P 0
L 4.2519981 3.8936507 4.2913681 3.8936507 0 P 0
L 4.2519981 4.0078239 4.2913681 4.0078239 0 P 0
L 4.2519981 4.1259341 4.2913681 4.1259341 0 P 0
L 4.263809 4.2282964 4.263809 4.2676664 0 P 0
L 4.2677459 3.3975877 4.2677459 3.4369577 0 P 0
L 4.2716829 3.1534932 4.2716829 3.1928632 0 P 0
L 4.271683 3.6377453 4.271683 3.6771153 0 P 0
L 4.2716831 3.7558554 4.2716831 3.7952254 0 P 0
L 4.2716831 3.8739657 4.2716831 3.9133357 0 P 0
L 4.2716831 3.9881389 4.2716831 4.0275089 0 P 0
L 4.2716831 4.1062491 4.2716831 4.1456191 0 P 0
L 4.3543602 4.2027058 4.3543602 4.293257 0 P 0
L 4.3582971 3.3719971 4.3582971 3.4625483 0 P 0
L 4.3622047 0.5669291 4.3622047 0.7244095 0 P 0
L 4.3622047 0.5669291 4.4409449 0.5669291 0 P 0
L 4.3622047 0.7244095 4.4409449 0.7244095 0 P 0
L 4.3622341 3.1279026 4.3622341 3.2184538 0 P 0
L 4.3622342 3.6121547 4.3622342 3.7027059 0 P 0
L 4.3622343 3.7302648 4.3622343 3.820816 0 P 0
L 4.3622343 3.8483751 4.3622343 3.9389263 0 P 0
L 4.3622343 3.9625483 4.3622343 4.0530995 0 P 0
L 4.3622343 4.0806585 4.3622343 4.1712097 0 P 0
L 4.3642026 4.297194 4.3642026 4.7105798 0 P 0
L 4.3642026 4.297194 4.6594782 4.297194 0 P 0
L 4.3642026 4.7105798 4.6594782 4.7105798 0 P 0
L 4.3818898 0.6456693 4.4212598 0.6456693 0 P 0
L 4.4015748 0.6259843 4.4015748 0.6653543 0 P 0
L 4.4232578 2.9999499 4.4232578 3.1810523 0 P 0
L 4.4232578 2.9999499 4.513809 2.9999499 0 P 0
L 4.4232578 3.1810523 4.513809 3.1810523 0 P 0
L 4.4271947 2.7401073 4.4271947 2.9212097 0 P 0
L 4.4271947 2.7401073 4.5177459 2.7401073 0 P 0
L 4.4271947 2.9212097 4.5177459 2.9212097 0 P 0
L 4.4271948 3.4723909 4.4271948 3.6534933 0 P 0
L 4.4271948 3.4723909 4.517746 3.4723909 0 P 0
L 4.4271948 3.6534933 4.517746 3.6534933 0 P 0
L 4.4311318 3.2361703 4.4311318 3.4172727 0 P 0
L 4.4311318 3.2361703 4.521683 3.2361703 0 P 0
L 4.4311318 3.4172727 4.521683 3.4172727 0 P 0
L 4.4409449 0.5669291 4.4409449 0.7244095 0 P 0
L 4.4488484 3.0905011 4.4882184 3.0905011 0 P 0
L 4.4527853 2.8306585 4.4921553 2.8306585 0 P 0
L 4.4527854 3.5629421 4.4921554 3.5629421 0 P 0
L 4.4567224 3.3267215 4.4960924 3.3267215 0 P 0
L 4.4685334 3.0708161 4.4685334 3.1101861 0 P 0
L 4.4724703 2.8109735 4.4724703 2.8503435 0 P 0
L 4.4724704 3.5432571 4.4724704 3.5826271 0 P 0
L 4.4764074 3.3070365 4.4764074 3.3464065 0 P 0
L 4.4808164 3.8838082 4.4808164 4.1908948 0 P 0
L 4.4808164 3.8838082 4.7012888 3.8838082 0 P 0
L 4.4808164 4.1908948 4.7012888 4.1908948 0 P 0
L 4.4921554 4.5038869 4.5315254 4.5038869 0 P 0
L 4.5118404 4.4842019 4.5118404 4.5235719 0 P 0
L 4.513809 2.9999499 4.513809 3.1810523 0 P 0
L 4.5177459 2.7401073 4.5177459 2.9212097 0 P 0
L 4.517746 3.4723909 4.517746 3.6534933 0 P 0
L 4.521683 3.2361703 4.521683 3.4172727 0 P 0
L 4.5708956 3.0275091 4.5708956 3.1613673 0 P 0
L 4.5708956 3.0275091 4.6417618 3.0275091 0 P 0
L 4.5708956 3.1613673 4.6417618 3.1613673 0 P 0
L 4.5713676 4.0373515 4.6107376 4.0373515 0 P 0
L 4.5748326 3.2597925 4.5748326 3.3936507 0 P 0
L 4.5748326 3.2597925 4.6456988 3.2597925 0 P 0
L 4.5748326 3.3936507 4.6456988 3.3936507 0 P 0
L 4.5748326 3.5038871 4.5748326 3.6377453 0 P 0
L 4.5748326 3.5038871 4.6456988 3.5038871 0 P 0
L 4.5748326 3.6377453 4.6456988 3.6377453 0 P 0
L 4.5787695 2.7558555 4.5787695 2.8897137 0 P 0
L 4.5787695 2.7558555 4.6496357 2.7558555 0 P 0
L 4.5787695 2.8897137 4.6496357 2.8897137 0 P 0
L 4.5866438 3.094438 4.6260138 3.094438 0 P 0
L 4.5905808 3.3267214 4.6299508 3.3267214 0 P 0
L 4.5905808 3.570816 4.6299508 3.570816 0 P 0
L 4.5910526 4.0176665 4.5910526 4.0570365 0 P 0
L 4.5945177 2.8227844 4.6338877 2.8227844 0 P 0
L 4.6063288 3.074753 4.6063288 3.114123 0 P 0
L 4.6102658 3.3070364 4.6102658 3.3464064 0 P 0
L 4.6102658 3.551131 4.6102658 3.590501 0 P 0
L 4.6142027 2.8030994 4.6142027 2.8424694 0 P 0
L 4.6279527 0.2775591 4.6279527 0.7933071 0 P 0
L 4.6279527 0.2775591 4.8996063 0.2775591 0 P 0
L 4.6279527 0.7933071 4.8996063 0.7933071 0 P 0
L 4.6417618 3.0275091 4.6417618 3.1613673 0 P 0
L 4.6456988 3.2597925 4.6456988 3.3936507 0 P 0
L 4.6456988 3.5038871 4.6456988 3.6377453 0 P 0
L 4.6476672 3.4861705 4.6476672 3.6239657 0 P 0
L 4.6476672 3.4861705 4.8012106 3.4861705 0 P 0
L 4.6476672 3.6239657 4.8012106 3.6239657 0 P 0
L 4.6496357 2.7558555 4.6496357 2.8897137 0 P 0
L 4.6555412 3.2578239 4.6555412 3.3956191 0 P 0
L 4.6555412 3.2578239 4.8090846 3.2578239 0 P 0
L 4.6555412 3.3956191 4.8090846 3.3956191 0 P 0
L 4.6594782 4.297194 4.6594782 4.7105798 0 P 0
L 4.6594783 3.0058555 4.6594783 3.1436507 0 P 0
L 4.6594783 3.0058555 4.8130217 3.0058555 0 P 0
L 4.6594783 3.1436507 4.8130217 3.1436507 0 P 0
L 4.6673523 2.74995 4.6673523 2.8877452 0 P 0
L 4.6673523 2.74995 4.8208957 2.74995 0 P 0
L 4.6673523 2.8877452 4.8208957 2.8877452 0 P 0
L 4.7012888 3.8838082 4.7012888 4.1908948 0 P 0
L 4.7047539 3.5550681 4.7441239 3.5550681 0 P 0
L 4.7126279 3.3267215 4.7519979 3.3267215 0 P 0
L 4.716565 3.0747531 4.755935 3.0747531 0 P 0
L 4.7244095 2.5354331 4.7637795 2.5354331 0 P 0
L 4.7244389 3.5353831 4.7244389 3.5747531 0 P 0
L 4.724439 2.8188476 4.763809 2.8188476 0 P 0
L 4.7323129 3.3070365 4.7323129 3.3464065 0 P 0
L 4.73625 3.0550681 4.73625 3.0944381 0 P 0
L 4.7440945 0.5354331 4.7834645 0.5354331 0 P 0
L 4.7440945 2.5157481 4.7440945 2.5551181 0 P 0
L 4.744124 2.7991626 4.744124 2.8385326 0 P 0
L 4.7637795 0.5157481 4.7637795 0.5551181 0 P 0
L 4.7657773 3.7460128 4.7657773 3.883808 0 P 0
L 4.7657773 3.7460128 4.9193207 3.7460128 0 P 0
L 4.7657773 3.883808 4.9193207 3.883808 0 P 0
L 4.7697143 3.9310522 4.7697143 4.0688474 0 P 0
L 4.7697143 3.9310522 4.9232577 3.9310522 0 P 0
L 4.7697143 4.0688474 4.9232577 4.0688474 0 P 0
L 4.7697143 4.3011309 4.7697143 4.4389261 0 P 0
L 4.7697143 4.3011309 4.9232577 4.3011309 0 P 0
L 4.7697143 4.4389261 4.9232577 4.4389261 0 P 0
L 4.7736513 4.1200286 4.7736513 4.2578238 0 P 0
L 4.7736513 4.1200286 4.9271947 4.1200286 0 P 0
L 4.7736513 4.2578238 4.9271947 4.2578238 0 P 0
L 4.7874016 0.1181102 4.8267716 0.1181102 0 P 0
L 4.787431 4.6141231 4.826801 4.6141231 0 P 0
L 4.8012106 3.4861705 4.8012106 3.6239657 0 P 0
L 4.8070866 0.0984252 4.8070866 0.1377952 0 P 0
L 4.807116 4.5944381 4.807116 4.6338081 0 P 0
L 4.8090846 3.2578239 4.8090846 3.3956191 0 P 0
L 4.8130217 3.0058555 4.8130217 3.1436507 0 P 0
L 4.8208957 2.74995 4.8208957 2.8877452 0 P 0
L 4.822864 3.8149104 4.862234 3.8149104 0 P 0
L 4.826801 3.9999498 4.866171 3.9999498 0 P 0
L 4.826801 4.3700285 4.866171 4.3700285 0 P 0
L 4.830738 4.1889262 4.870108 4.1889262 0 P 0
L 4.842549 3.7952254 4.842549 3.8345954 0 P 0
L 4.846486 3.9802648 4.846486 4.0196348 0 P 0
L 4.846486 4.3503435 4.846486 4.3897135 0 P 0
L 4.850423 4.1692412 4.850423 4.2086112 0 P 0
L 4.8996063 0.2775591 4.8996063 0.7933071 0 P 0
L 4.9193207 3.7460128 4.9193207 3.883808 0 P 0
L 4.9232577 3.9310522 4.9232577 4.0688474 0 P 0
L 4.9232577 4.3011309 4.9232577 4.4389261 0 P 0
L 4.9271947 4.1200286 4.9271947 4.2578238 0 P 0
