#Layer_Color=8388736
#
#Feature symbol names
#
$0 r3.937

#
#Feature attribute names
#

#
#Layer features
#
A 2.3673228 -0.2144883 2.4066928 -0.2538583 2.4066928 -0.2144883 0 P 0 N
A 2.4240078 2.2461417 2.4240078 2.2461417 2.4043228 2.2461417 0 P 0 N
A 2.4290078 1.3861417 2.4290078 1.3861417 2.4093228 1.3861417 0 P 0 N
A 4.4279528 -0.2538583 4.4673228 -0.2144883 4.4279528 -0.2144883 0 P 0 N
A 4.4530078 0.8461417 4.4530078 0.8461417 4.4333228 0.8461417 0 P 0 N
A 4.4530078 1.7461417 4.4530078 1.7461417 4.4333228 1.7461417 0 P 0 N
A 4.4673228 2.3067717 4.4279528 2.3461417 4.4279528 2.3067717 0 P 0 N
L 0.0512103 2.8975877 0.0512103 3.0235719 0 P 0
L 0.0512103 2.8975877 0.1142025 2.8975877 0 P 0
L 0.0512103 3.0235719 0.1142025 3.0235719 0 P 0
L 0.1142025 2.8975877 0.1142025 3.0235719 0 P 0
L 0.6378245 1.9617608 0.6378245 2.087745 0 P 0
L 0.6378245 1.9617608 0.7008167 1.9617608 0 P 0
L 0.6378245 2.087745 0.7008167 2.087745 0 P 0
L 0.7008167 1.9617608 0.7008167 2.087745 0 P 0
L 0.7756198 3.3857766 0.7756198 3.4487688 0 P 0
L 0.7756198 3.3857766 0.901604 3.3857766 0 P 0
L 0.7756198 3.4487688 0.901604 3.4487688 0 P 0
L 0.7874308 2.1480056 0.7874308 2.2739898 0 P 0
L 0.7874308 2.1480056 0.850423 2.1480056 0 P 0
L 0.7874308 2.2739898 0.850423 2.2739898 0 P 0
L 0.850423 2.1480056 0.850423 2.2739898 0 P 0
L 0.901604 3.3857766 0.901604 3.4487688 0 P 0
L 0.9350688 3.9034932 0.9350688 3.9586113 0 P 0
L 0.9350688 3.9034932 1.2303444 3.9034932 0 P 0
L 0.9350688 3.9586113 0.9547538 3.9586113 0 P 0
L 0.9350688 4.0097924 0.9350688 4.6200286 0 P 0
L 0.9350688 4.0097924 0.9547538 4.0097924 0 P 0
L 0.9350688 4.6200286 0.9547538 4.6200286 0 P 0
L 0.9350688 4.6751467 0.9350688 4.7302648 0 P 0
L 0.9350688 4.6751467 0.9547538 4.6751467 0 P 0
L 0.9350688 4.7302648 1.2303444 4.7302648 0 P 0
L 0.9547538 3.9586113 0.9547538 4.0097924 0 P 0
L 0.9547538 4.6200286 0.9547538 4.6751467 0 P 0
L 1.0512103 3.4763279 1.0512103 3.5393201 0 P 0
L 1.0512103 3.4763279 1.1771945 3.4763279 0 P 0
L 1.0512103 3.5393201 1.1771945 3.5393201 0 P 0
L 1.0669292 3.2637795 1.0669292 3.3267717 0 P 0
L 1.0669292 3.2637795 1.1929134 3.2637795 0 P 0
L 1.0669292 3.3267717 1.1929134 3.3267717 0 P 0
L 1.1771945 3.4763279 1.1771945 3.5393201 0 P 0
L 1.1929134 3.2637795 1.1929134 3.3267717 0 P 0
L 1.2008168 2.6534932 1.2008168 2.7794774 0 P 0
L 1.2008168 2.6534932 1.263809 2.6534932 0 P 0
L 1.2008168 2.7794774 1.263809 2.7794774 0 P 0
L 1.2303444 3.9034932 1.2303444 3.9684538 0 P 0
L 1.2303444 3.9684538 1.2500294 3.9684538 0 P 0
L 1.2303444 3.9960129 1.2303444 4.6377451 0 P 0
L 1.2303444 3.9960129 1.2500294 3.9960129 0 P 0
L 1.2303444 4.6377451 1.2500294 4.6377451 0 P 0
L 1.2303444 4.6653042 1.2303444 4.7302648 0 P 0
L 1.2303444 4.6653042 1.2500294 4.6653042 0 P 0
L 1.2500294 3.9684538 1.2500294 3.9960129 0 P 0
L 1.2500294 4.6377451 1.2500294 4.6653042 0 P 0
L 1.263809 2.6534932 1.263809 2.7794774 0 P 0
L 1.4449113 2.7479814 1.4449113 2.8109736 0 P 0
L 1.4449113 2.7479814 1.5708955 2.7479814 0 P 0
L 1.4449113 2.8109736 1.5708955 2.8109736 0 P 0
L 1.5354625 2.9605798 1.5354625 3.086564 0 P 0
L 1.5354625 2.9605798 1.5984547 2.9605798 0 P 0
L 1.5354625 3.086564 1.5984547 3.086564 0 P 0
L 1.5708955 2.7479814 1.5708955 2.8109736 0 P 0
L 1.5866435 3.6338082 1.5866435 3.7597924 0 P 0
L 1.5866435 3.6338082 1.6496357 3.6338082 0 P 0
L 1.5866435 3.7597924 1.6496357 3.7597924 0 P 0
L 1.5984547 2.9605798 1.5984547 3.086564 0 P 0
L 1.6496357 3.6338082 1.6496357 3.7597924 0 P 0
L 1.6811315 3.6318397 1.6811315 3.7578239 0 P 0
L 1.6811315 3.6318397 1.7441237 3.6318397 0 P 0
L 1.6811315 3.7578239 1.7441237 3.7578239 0 P 0
L 1.6834171 3.9031765 1.6834171 3.9582946 0 P 0
L 1.6834171 3.9031765 1.9786927 3.9031765 0 P 0
L 1.6834171 3.9582946 1.7031021 3.9582946 0 P 0
L 1.6834171 4.0094757 1.6834171 4.6197119 0 P 0
L 1.6834171 4.0094757 1.7031021 4.0094757 0 P 0
L 1.6834171 4.6197119 1.7031021 4.6197119 0 P 0
L 1.6834171 4.67483 1.6834171 4.7299481 0 P 0
L 1.6834171 4.67483 1.7031021 4.67483 0 P 0
L 1.6834171 4.7299481 1.9786927 4.7299481 0 P 0
L 1.7031021 3.9582946 1.7031021 4.0094757 0 P 0
L 1.7031021 4.6197119 1.7031021 4.67483 0 P 0
L 1.7441237 3.6318397 1.7441237 3.7578239 0 P 0
L 1.7677162 1.3326772 1.7677162 1.4586614 0 P 0
L 1.7677162 1.3326772 1.8307084 1.3326772 0 P 0
L 1.7677162 1.4586614 1.8307084 1.4586614 0 P 0
L 1.8307084 1.3326772 1.8307084 1.4586614 0 P 0
L 1.8307087 3.4094488 1.8307087 3.472441 0 P 0
L 1.8307087 3.4094488 1.9566929 3.4094488 0 P 0
L 1.8307087 3.472441 1.9566929 3.472441 0 P 0
L 1.9566929 3.4094488 1.9566929 3.472441 0 P 0
L 1.9786927 3.9031765 1.9786927 3.9681371 0 P 0
L 1.9786927 3.9681371 1.9983777 3.9681371 0 P 0
L 1.9786927 3.9956962 1.9786927 4.6374284 0 P 0
L 1.9786927 3.9956962 1.9983777 3.9956962 0 P 0
L 1.9786927 4.6374284 1.9983777 4.6374284 0 P 0
L 1.9786927 4.6649875 1.9786927 4.7299481 0 P 0
L 1.9786927 4.6649875 1.9983777 4.6649875 0 P 0
L 1.984252 0.2086614 1.984252 0.2716536 0 P 0
L 1.984252 0.2086614 2.1102362 0.2086614 0 P 0
L 1.984252 0.2716536 2.1102362 0.2716536 0 P 0
L 1.9983777 3.9681371 1.9983777 3.9956962 0 P 0
L 1.9983777 4.6374284 1.9983777 4.6649875 0 P 0
L 2.0629922 4.0748031 2.0629922 4.1377953 0 P 0
L 2.0629922 4.0748031 2.1889764 4.0748031 0 P 0
L 2.0629922 4.1377953 2.1889764 4.1377953 0 P 0
L 2.1102362 0.2086614 2.1102362 0.2716536 0 P 0
L 2.1889764 4.0748031 2.1889764 4.1377953 0 P 0
L 2.3425489 3.4389263 2.3425489 3.5649105 0 P 0
L 2.3425489 3.4389263 2.4055411 3.4389263 0 P 0
L 2.3425489 3.5649105 2.4055411 3.5649105 0 P 0
L 2.3673228 -0.2144883 2.3673228 2.2861417 0 P 0
L 2.3673228 2.2861417 2.4273228 2.3461417 0 P 0
L 2.4055411 3.4389263 2.4055411 3.5649105 0 P 0
L 2.4066928 -0.2538583 4.4279528 -0.2538583 0 P 0
L 2.4273228 2.3461417 2.8773228 2.3461417 0 P 0
L 2.4370371 3.4369578 2.4370371 3.562942 0 P 0
L 2.4370371 3.4369578 2.5000293 3.4369578 0 P 0
L 2.4370371 3.562942 2.5000293 3.562942 0 P 0
L 2.4567223 3.594438 2.4567223 3.6574302 0 P 0
L 2.4567223 3.594438 2.5827065 3.594438 0 P 0
L 2.4567223 3.6574302 2.5827065 3.6574302 0 P 0
L 2.5000293 3.4369578 2.5000293 3.562942 0 P 0
L 2.5827065 3.594438 2.5827065 3.6574302 0 P 0
L 2.6456693 0.2244094 2.6456693 0.2874016 0 P 0
L 2.6456693 0.2244094 2.7716535 0.2244094 0 P 0
L 2.6456693 0.2874016 2.7716535 0.2874016 0 P 0
L 2.7716535 0.2244094 2.7716535 0.2874016 0 P 0
L 2.8773228 2.3461417 2.9773228 2.4461417 0 P 0
L 2.9773228 2.4461417 4.2673228 2.4461417 0 P 0
L 3.2874307 4.3070365 3.2874307 4.4330207 0 P 0
L 3.2874307 4.3070365 3.3504229 4.3070365 0 P 0
L 3.2874307 4.4330207 3.3504229 4.4330207 0 P 0
L 3.3504229 4.3070365 3.3504229 4.4330207 0 P 0
L 3.6555412 3.8975876 3.6555412 3.9605798 0 P 0
L 3.6555412 3.8975876 3.7815254 3.8975876 0 P 0
L 3.6555412 3.9605798 3.7815254 3.9605798 0 P 0
L 3.7815254 3.8975876 3.7815254 3.9605798 0 P 0
L 4.2673228 2.4461417 4.3673228 2.3461417 0 P 0
L 4.3673228 2.3461417 4.4279528 2.3461417 0 P 0
L 4.3784542 3.8208157 4.3784542 3.8838079 0 P 0
L 4.3784542 3.8208157 4.5044384 3.8208157 0 P 0
L 4.3784542 3.8838079 4.5044384 3.8838079 0 P 0
L 4.4256983 3.9546742 4.4256983 4.0176664 0 P 0
L 4.4256983 3.9546742 4.5516825 3.9546742 0 P 0
L 4.4256983 4.0176664 4.5516825 4.0176664 0 P 0
L 4.4355408 4.0452254 4.4355408 4.1082176 0 P 0
L 4.4355408 4.0452254 4.561525 4.0452254 0 P 0
L 4.4355408 4.1082176 4.561525 4.1082176 0 P 0
L 4.4673228 -0.2144883 4.4673228 2.3067717 0 P 0
L 4.5044384 3.8208157 4.5044384 3.8838079 0 P 0
L 4.5319974 3.7499498 4.5319974 3.875934 0 P 0
L 4.5319974 3.7499498 4.5949896 3.7499498 0 P 0
L 4.5319974 3.875934 4.5949896 3.875934 0 P 0
L 4.5319974 4.1790838 4.5319974 4.305068 0 P 0
L 4.5319974 4.1790838 4.5949896 4.1790838 0 P 0
L 4.5319974 4.305068 4.5949896 4.305068 0 P 0
L 4.5516825 3.9546742 4.5516825 4.0176664 0 P 0
L 4.561525 4.0452254 4.561525 4.1082176 0 P 0
L 4.5910525 3.9704223 4.5910525 4.0964065 0 P 0
L 4.5910525 3.9704223 4.6540447 3.9704223 0 P 0
L 4.5910525 4.0964065 4.6540447 4.0964065 0 P 0
L 4.5949896 3.7499498 4.5949896 3.875934 0 P 0
L 4.5949896 4.1790838 4.5949896 4.305068 0 P 0
L 4.6068006 3.7519184 4.6068006 3.8779026 0 P 0
L 4.6068006 3.7519184 4.6697928 3.7519184 0 P 0
L 4.6068006 3.8779026 4.6697928 3.8779026 0 P 0
L 4.6068006 4.1968003 4.6068006 4.3227845 0 P 0
L 4.6068006 4.1968003 4.6697928 4.1968003 0 P 0
L 4.6068006 4.3227845 4.6697928 4.3227845 0 P 0
L 4.6540447 3.9704223 4.6540447 4.0964065 0 P 0
L 4.6697928 3.7519184 4.6697928 3.8779026 0 P 0
L 4.6697928 4.1968003 4.6697928 4.3227845 0 P 0
L 4.6894778 4.0885325 4.6894778 4.1515247 0 P 0
L 4.6894778 4.0885325 4.815462 4.0885325 0 P 0
L 4.6894778 4.1515247 4.815462 4.1515247 0 P 0
L 4.6988483 3.8936506 4.6988483 3.9566428 0 P 0
L 4.6988483 3.8936506 4.8248325 3.8936506 0 P 0
L 4.6988483 3.9566428 4.8248325 3.9566428 0 P 0
L 4.815462 4.0885325 4.815462 4.1515247 0 P 0
L 4.8248325 3.8936506 4.8248325 3.9566428 0 P 0
