#Layer_Color=0
#
#Feature symbol names
#
$0 r1.9685
$1 r3.937

#
#Feature attribute names
#

#
#Layer features
#
L 0.0374308 2.8700286 0.0374308 3.051131 1 P 0
L 0.0374308 2.8700286 0.127982 2.8700286 1 P 0
L 0.0374308 3.051131 0.127982 3.051131 1 P 0
L 0.0630214 2.9605798 0.1023914 2.9605798 1 P 0
L 0.0827064 2.9408948 0.0827064 2.9802648 1 P 0
L 0.127982 2.8700286 0.127982 3.051131 1 P 0
L 0.624045 1.9342017 0.624045 2.1153041 1 P 0
L 0.624045 1.9342017 0.7145962 1.9342017 1 P 0
L 0.624045 2.1153041 0.7145962 2.1153041 1 P 0
L 0.6496356 2.0247529 0.6890056 2.0247529 1 P 0
L 0.6693206 2.0050679 0.6693206 2.0444379 1 P 0
L 0.7145962 1.9342017 0.7145962 2.1153041 1 P 0
L 0.7460922 3.3700286 0.7460922 3.4645168 1 P 0
L 0.7460922 3.3700286 0.9311316 3.3700286 1 P 0
L 0.7460922 3.4645168 0.9311316 3.4645168 1 P 0
L 0.7716828 2.118478 0.7716828 2.3035174 1 P 0
L 0.7716828 2.118478 0.866171 2.118478 1 P 0
L 0.7716828 2.3035174 0.866171 2.3035174 1 P 0
L 0.7992419 2.2109977 0.8386119 2.2109977 1 P 0
L 0.8189269 2.1913127 0.8189269 2.2306827 1 P 0
L 0.8189269 3.4172727 0.8582969 3.4172727 1 P 0
L 0.8386119 3.3975877 0.8386119 3.4369577 1 P 0
L 0.866171 2.118478 0.866171 2.3035174 1 P 0
L 0.9153838 3.8838081 0.9153838 4.7735719 1 P 0
L 0.9153838 3.8838081 1.2697145 3.8838081 1 P 0
L 0.9153838 4.7735719 1.2697145 4.7735719 1 P 0
L 0.9311316 3.3700286 0.9311316 3.4645168 1 P 0
L 1.0236512 3.4625484 1.0236512 3.5530996 1 P 0
L 1.0236512 3.4625484 1.2047536 3.4625484 1 P 0
L 1.0236512 3.5530996 1.2047536 3.5530996 1 P 0
L 1.0393701 3.25 1.0393701 3.3405512 1 P 0
L 1.0393701 3.25 1.2204725 3.25 1 P 0
L 1.0393701 3.3405512 1.2204725 3.3405512 1 P 0
L 1.0630216 4.3680601 1.1023916 4.3680601 1 P 0
L 1.0827066 4.3483751 1.0827066 4.3877451 1 P 0
L 1.0945174 3.507824 1.1338874 3.507824 1 P 0
L 1.1102363 3.2952756 1.1496063 3.2952756 1 P 0
L 1.1142024 3.488139 1.1142024 3.527509 1 P 0
L 1.1299213 3.2755906 1.1299213 3.3149606 1 P 0
L 1.1850688 2.6239656 1.1850688 2.809005 1 P 0
L 1.1850688 2.6239656 1.279557 2.6239656 1 P 0
L 1.1850688 2.809005 1.279557 2.809005 1 P 0
L 1.2047536 3.4625484 1.2047536 3.5530996 1 P 0
L 1.2126279 2.7164853 1.2519979 2.7164853 1 P 0
L 1.2204725 3.25 1.2204725 3.3405512 1 P 0
L 1.2323129 2.6968003 1.2323129 2.7361703 1 P 0
L 1.2697145 3.8838081 1.2697145 4.7735719 1 P 0
L 1.279557 2.6239656 1.279557 2.809005 1 P 0
L 1.4173522 2.7342019 1.4173522 2.8247531 1 P 0
L 1.4173522 2.7342019 1.5984546 2.7342019 1 P 0
L 1.4173522 2.8247531 1.5984546 2.8247531 1 P 0
L 1.4882184 2.7794775 1.5275884 2.7794775 1 P 0
L 1.5079034 2.7597925 1.5079034 2.7991625 1 P 0
L 1.521683 2.9330207 1.521683 3.1141231 1 P 0
L 1.521683 2.9330207 1.6122342 2.9330207 1 P 0
L 1.521683 3.1141231 1.6122342 3.1141231 1 P 0
L 1.5472736 3.0235719 1.5866436 3.0235719 1 P 0
L 1.5669586 3.0038869 1.5669586 3.0432569 1 P 0
L 1.572864 3.6062491 1.572864 3.7873515 1 P 0
L 1.572864 3.6062491 1.6634152 3.6062491 1 P 0
L 1.572864 3.7873515 1.6634152 3.7873515 1 P 0
L 1.5984546 2.7342019 1.5984546 2.8247531 1 P 0
L 1.5984546 3.6968003 1.6378246 3.6968003 1 P 0
L 1.6122342 2.9330207 1.6122342 3.1141231 1 P 0
L 1.6181396 3.6771153 1.6181396 3.7164853 1 P 0
L 1.6634152 3.6062491 1.6634152 3.7873515 1 P 0
L 1.6637321 3.8834914 1.6637321 4.7732552 1 P 0
L 1.6637321 3.8834914 2.0180628 3.8834914 1 P 0
L 1.6637321 4.7732552 2.0180628 4.7732552 1 P 0
L 1.6653835 3.6023121 1.6653835 3.7873515 1 P 0
L 1.6653835 3.6023121 1.7598717 3.6023121 1 P 0
L 1.6653835 3.7873515 1.7598717 3.7873515 1 P 0
L 1.6929426 3.6948318 1.7323126 3.6948318 1 P 0
L 1.7126276 3.6751468 1.7126276 3.7145168 1 P 0
L 1.7539367 1.3051181 1.7539367 1.4862205 1 P 0
L 1.7539367 1.3051181 1.8444879 1.3051181 1 P 0
L 1.7539367 1.4862205 1.8444879 1.4862205 1 P 0
L 1.7598717 3.6023121 1.7598717 3.7873515 1 P 0
L 1.7795273 1.3956693 1.8188973 1.3956693 1 P 0
L 1.7992123 1.3759843 1.7992123 1.4153543 1 P 0
L 1.8011811 3.3937008 1.8011811 3.488189 1 P 0
L 1.8011811 3.3937008 1.9862205 3.3937008 1 P 0
L 1.8011811 3.488189 1.9862205 3.488189 1 P 0
L 1.8113699 4.3677434 1.8507399 4.3677434 1 P 0
L 1.8310549 4.3480584 1.8310549 4.3874284 1 P 0
L 1.8444879 1.3051181 1.8444879 1.4862205 1 P 0
L 1.8740158 3.4409449 1.9133858 3.4409449 1 P 0
L 1.8937008 3.4212599 1.8937008 3.4606299 1 P 0
L 1.9566929 0.1948819 1.9566929 0.2854331 1 P 0
L 1.9566929 0.1948819 2.1377953 0.1948819 1 P 0
L 1.9566929 0.2854331 2.1377953 0.2854331 1 P 0
L 1.9862205 3.3937008 1.9862205 3.488189 1 P 0
L 2.0180628 3.8834914 2.0180628 4.7732552 1 P 0
L 2.0275591 0.2401575 2.0669291 0.2401575 1 P 0
L 2.0364174 4.0610236 2.0364174 4.1515748 0 P 0
L 2.0364174 4.0610236 2.2155512 4.0610236 0 P 0
L 2.0364174 4.1515748 2.2155512 4.1515748 0 P 0
L 2.0472441 0.2204725 2.0472441 0.2598425 1 P 0
L 2.1377953 0.1948819 2.1377953 0.2854331 1 P 0
L 2.2155512 4.0610236 2.2155512 4.1515748 0 P 0
L 2.3287694 3.4113672 2.3287694 3.5924696 1 P 0
L 2.3287694 3.4113672 2.4193206 3.4113672 1 P 0
L 2.3287694 3.5924696 2.4193206 3.5924696 1 P 0
L 2.3476378 -0.2755905 4.4870078 -0.2755905 1 P 0
L 2.3476378 -0.2755906 2.3476378 2.4685039 1 P 0
L 2.3476378 2.4685039 4.4870078 2.4685039 1 P 0
L 2.35436 3.5019184 2.39373 3.5019184 1 P 0
L 2.374045 3.4822334 2.374045 3.5216034 1 P 0
L 2.4193206 3.4113672 2.4193206 3.5924696 1 P 0
L 2.4232576 3.4093987 2.4232576 3.5905011 1 P 0
L 2.4232576 3.4093987 2.5138088 3.4093987 1 P 0
L 2.4232576 3.5905011 2.5138088 3.5905011 1 P 0
L 2.4291632 3.5806585 2.4291632 3.6712097 1 P 0
L 2.4291632 3.5806585 2.6102656 3.5806585 1 P 0
L 2.4291632 3.6712097 2.6102656 3.6712097 1 P 0
L 2.4488482 3.4999499 2.4882182 3.4999499 1 P 0
L 2.4685332 3.4802649 2.4685332 3.5196349 1 P 0
L 2.5000294 3.6259341 2.5393994 3.6259341 1 P 0
L 2.5138088 3.4093987 2.5138088 3.5905011 1 P 0
L 2.5197144 3.6062491 2.5197144 3.6456191 1 P 0
L 2.6102656 3.5806585 2.6102656 3.6712097 1 P 0
L 2.6181102 0.2106299 2.6181102 0.3011811 1 P 0
L 2.6181102 0.2106299 2.7992126 0.2106299 1 P 0
L 2.6181102 0.3011811 2.7992126 0.3011811 1 P 0
L 2.6889764 0.2559055 2.7283464 0.2559055 1 P 0
L 2.7086614 0.2362205 2.7086614 0.2755905 1 P 0
L 2.7992126 0.2106299 2.7992126 0.3011811 1 P 0
L 3.2736512 4.2794774 3.2736512 4.4605798 1 P 0
L 3.2736512 4.2794774 3.3642024 4.2794774 1 P 0
L 3.2736512 4.4605798 3.3642024 4.4605798 1 P 0
L 3.2992418 4.3700286 3.3386118 4.3700286 1 P 0
L 3.3189268 4.3503436 3.3189268 4.3897136 1 P 0
L 3.3642024 4.2794774 3.3642024 4.4605798 1 P 0
L 3.3976378 1.3661417 3.4370078 1.3661417 1 P 0
L 3.4173228 1.3464567 3.4173228 1.3858267 1 P 0
L 3.6279821 3.8838081 3.6279821 3.9743593 1 P 0
L 3.6279821 3.8838081 3.8090845 3.8838081 1 P 0
L 3.6279821 3.9743593 3.8090845 3.9743593 1 P 0
L 3.6988483 3.9290837 3.7382183 3.9290837 1 P 0
L 3.7185333 3.9093987 3.7185333 3.9487687 1 P 0
L 3.8090845 3.8838081 3.8090845 3.9743593 1 P 0
L 4.3508951 3.8070362 4.3508951 3.8975874 1 P 0
L 4.3508951 3.8070362 4.5319975 3.8070362 1 P 0
L 4.3508951 3.8975874 4.5319975 3.8975874 1 P 0
L 4.3981392 3.9408947 4.3981392 4.0314459 1 P 0
L 4.3981392 3.9408947 4.5792416 3.9408947 1 P 0
L 4.3981392 4.0314459 4.5792416 4.0314459 1 P 0
L 4.4079817 4.0314459 4.4079817 4.1219971 1 P 0
L 4.4079817 4.0314459 4.5890841 4.0314459 1 P 0
L 4.4079817 4.1219971 4.5890841 4.1219971 1 P 0
L 4.4217613 3.8523118 4.4611313 3.8523118 1 P 0
L 4.4414463 3.8326268 4.4414463 3.8719968 1 P 0
L 4.4690054 3.9861703 4.5083754 3.9861703 1 P 0
L 4.4788479 4.0767215 4.5182179 4.0767215 1 P 0
L 4.4870078 -0.2755906 4.4870078 2.4685039 1 P 0
L 4.4886904 3.9664853 4.4886904 4.0058553 1 P 0
L 4.4985329 4.0570365 4.4985329 4.0964065 1 P 0
L 4.5182179 3.7223907 4.5182179 3.9034931 1 P 0
L 4.5182179 3.7223907 4.6087691 3.7223907 1 P 0
L 4.5182179 3.9034931 4.6087691 3.9034931 1 P 0
L 4.5182179 4.1515247 4.5182179 4.3326271 1 P 0
L 4.5182179 4.1515247 4.6087691 4.1515247 1 P 0
L 4.5182179 4.3326271 4.6087691 4.3326271 1 P 0
L 4.5319975 3.8070362 4.5319975 3.8975874 1 P 0
L 4.5438085 3.8129419 4.5831785 3.8129419 1 P 0
L 4.5438085 4.2420759 4.5831785 4.2420759 1 P 0
L 4.5634935 3.7932569 4.5634935 3.8326269 1 P 0
L 4.5634935 4.2223909 4.5634935 4.2617609 1 P 0
L 4.577273 3.9428632 4.577273 4.1239656 1 P 0
L 4.577273 3.9428632 4.6678242 3.9428632 1 P 0
L 4.577273 4.1239656 4.6678242 4.1239656 1 P 0
L 4.5792416 3.9408947 4.5792416 4.0314459 1 P 0
L 4.5890841 4.0314459 4.5890841 4.1219971 1 P 0
L 4.5930211 3.7243593 4.5930211 3.9054617 1 P 0
L 4.5930211 3.7243593 4.6835723 3.7243593 1 P 0
L 4.5930211 3.9054617 4.6835723 3.9054617 1 P 0
L 4.5930211 4.1692412 4.5930211 4.3503436 1 P 0
L 4.5930211 4.1692412 4.6835723 4.1692412 1 P 0
L 4.5930211 4.3503436 4.6835723 4.3503436 1 P 0
L 4.6028636 4.0334144 4.6422336 4.0334144 1 P 0
L 4.6087691 3.7223907 4.6087691 3.9034931 1 P 0
L 4.6087691 4.1515247 4.6087691 4.3326271 1 P 0
L 4.6186117 3.8149105 4.6579817 3.8149105 1 P 0
L 4.6186117 4.2597924 4.6579817 4.2597924 1 P 0
L 4.6225486 4.0137294 4.6225486 4.0530994 1 P 0
L 4.6382967 3.7952255 4.6382967 3.8345955 1 P 0
L 4.6382967 4.2401074 4.6382967 4.2794774 1 P 0
L 4.6619187 4.074753 4.6619187 4.1653042 1 P 0
L 4.6619187 4.074753 4.8430211 4.074753 1 P 0
L 4.6619187 4.1653042 4.8430211 4.1653042 1 P 0
L 4.6678242 3.9428632 4.6678242 4.1239656 1 P 0
L 4.6712892 3.8798711 4.6712892 3.9704223 1 P 0
L 4.6712892 3.8798711 4.8523916 3.8798711 1 P 0
L 4.6712892 3.9704223 4.8523916 3.9704223 1 P 0
L 4.6835723 3.7243593 4.6835723 3.9054617 1 P 0
L 4.6835723 4.1692412 4.6835723 4.3503436 1 P 0
L 4.7327849 4.1200286 4.7721549 4.1200286 1 P 0
L 4.7421554 3.9251467 4.7815254 3.9251467 1 P 0
L 4.7524699 4.1003436 4.7524699 4.1397136 1 P 0
L 4.7618404 3.9054617 4.7618404 3.9448317 1 P 0
L 4.8430211 4.074753 4.8430211 4.1653042 1 P 0
L 4.8523916 3.8798711 4.8523916 3.9704223 1 P 0
